num_iters=3
0
	added
		26 30
		1 40
		2 48
		59 82
		12 25
		84 114
		68 75
		19 39
		72 84
		42 50
		95 86
		0 44
		19 11
		37 26
		85 75
		9 19
		10 20
		24 37
		82 88
		39 28
		68 61
		95 109
		25 11
		24 21
		25 20
		52 46
		25 29
		56 62
		73 87
		95 337
		27 31
		2 20
		20 10
		38 25
		58 67
		72 337
		51 61
		84 95
		95 104
		1 5
		8 20
		96 87
		50 44
		9 37
		25 33
		51 45
		104 335
		86 76
		67 72
		4 22
		40 51
		33 30
		56 68
		2 42
		82 96
		50 58
		106 99
		84 337
		43 6
		19 24
		206 332
		84 74
		4 8
		41 2
		44 7
		10 23
		40 3
		67 60
		60 54
		104 97
		0 6
		105 98
		0 42
		104 337
		42 5
		104 108
		70 85
		65 73
		28 33
		3 43
		38 10
		58 52
		72 69
		1 45
		48 59
		9 22
		59 53
		25 39
		43 53
	removed
		323 326
		324 325
		5 4
		320 315
		320 321
		302 303
		303 302
		330 329
		312 314
		329 330
		308 307
		317 319
		316 317
		317 316
		334 332
		28 27
		327 326
		326 328
		336 335
		313 312
		335 336
		307 308
		323 322
		332 334
		309 308
		318 317
		312 313
		331 329
		310 309
		326 327
		308 309
		317 318
		329 231
		304 302
		322 320
		306 305
		322 323
		301 300
		332 333
		323 324
		333 332
		324 323
		309 310
		315 320
		321 320
		302 304
		311 310
		328 326
		337 335
		329 331
		320 322
		314 312
		300 301
		325 324
		326 323
		319 317
		335 337
		310 311
		335 105
		332 207
	edges
		0 1
		0 42
		0 6
		0 44
		1 0
		1 2
		1 40
		1 5
		1 45
		2 1
		2 3
		2 4
		2 42
		2 48
		2 20
		3 2
		3 43
		4 2
		4 5
		4 40
		4 8
		4 22
		5 6
		6 5
		6 7
		6 8
		7 6
		8 6
		8 9
		8 20
		9 8
		9 10
		9 19
		9 22
		9 37
		10 9
		10 11
		10 12
		10 23
		10 20
		11 10
		12 10
		12 13
		12 19
		12 25
		13 12
		13 14
		14 13
		14 15
		14 18
		15 14
		15 16
		16 15
		16 17
		17 16
		17 18
		18 17
		18 14
		19 12
		19 20
		19 11
		19 24
		19 39
		20 19
		20 21
		20 22
		20 10
		21 20
		22 20
		22 23
		22 24
		23 22
		24 22
		24 25
		24 21
		24 37
		25 24
		25 26
		25 27
		25 39
		25 33
		25 20
		25 11
		25 29
		26 25
		26 30
		27 25
		27 28
		27 37
		27 31
		28 29
		28 33
		29 28
		29 30
		29 31
		30 29
		31 29
		31 32
		31 33
		32 31
		33 31
		33 34
		33 30
		34 33
		34 35
		34 36
		35 34
		36 34
		37 27
		37 38
		37 39
		37 26
		38 37
		38 25
		38 10
		39 37
		39 28
		40 4
		40 41
		40 42
		40 3
		40 51
		41 40
		41 2
		42 40
		42 43
		42 5
		42 50
		43 42
		43 44
		43 48
		43 6
		43 53
		44 43
		44 45
		44 7
		45 44
		45 46
		45 47
		46 45
		47 45
		48 43
		48 49
		48 50
		48 59
		49 48
		50 48
		50 51
		50 44
		50 58
		51 50
		51 52
		51 56
		51 45
		51 61
		52 51
		52 53
		52 46
		53 52
		53 54
		53 55
		54 53
		55 53
		56 51
		56 57
		56 58
		56 68
		56 62
		57 56
		58 56
		58 59
		58 52
		58 67
		59 58
		59 60
		59 65
		59 53
		59 82
		60 59
		60 61
		60 54
		61 60
		61 62
		62 61
		62 63
		62 64
		63 62
		64 62
		65 59
		65 66
		65 67
		65 73
		66 65
		67 65
		67 68
		67 60
		67 72
		68 67
		68 69
		68 70
		68 61
		68 75
		69 68
		70 68
		70 71
		70 72
		70 85
		71 70
		72 70
		72 73
		72 69
		72 84
		72 337
		73 72
		73 74
		73 82
		73 87
		74 73
		74 75
		75 74
		75 76
		75 81
		76 75
		76 77
		77 76
		77 78
		78 77
		78 79
		78 80
		79 78
		80 78
		80 81
		81 80
		81 75
		82 73
		82 83
		82 84
		82 96
		82 88
		83 82
		84 82
		84 85
		84 74
		84 95
		84 337
		84 114
		85 84
		85 86
		85 93
		85 75
		86 85
		86 87
		86 76
		87 86
		87 88
		88 87
		88 89
		89 88
		89 90
		90 89
		90 91
		90 92
		91 90
		92 90
		93 85
		93 94
		93 95
		94 93
		95 93
		95 96
		95 86
		95 104
		95 109
		95 337
		96 95
		96 97
		96 102
		96 87
		97 96
		97 98
		98 97
		98 99
		99 98
		99 100
		100 99
		100 101
		101 100
		102 96
		102 103
		102 104
		103 102
		104 102
		104 105
		104 97
		104 108
		104 337
		104 335
		105 104
		105 106
		105 335
		105 98
		106 105
		106 107
		106 108
		106 99
		107 106
		108 106
		108 109
		109 108
		109 110
		109 114
		110 109
		110 111
		111 110
		111 112
		111 113
		112 111
		113 111
		114 109
		114 115
		114 116
		115 114
		116 114
		116 117
		117 116
		117 118
		117 122
		118 117
		118 119
		119 118
		119 120
		119 121
		120 119
		121 119
		122 117
		122 123
		122 124
		123 122
		124 122
		124 125
		125 124
		125 126
		125 131
		126 125
		126 127
		127 126
		127 128
		128 127
		128 129
		128 130
		129 128
		130 128
		131 125
		131 132
		131 133
		132 131
		133 131
		133 134
		134 133
		134 135
		134 139
		135 134
		135 136
		136 135
		136 137
		136 138
		137 136
		138 136
		139 134
		139 140
		139 141
		140 139
		141 139
		141 142
		142 141
		142 143
		142 145
		143 142
		143 144
		144 143
		145 142
		145 146
		145 147
		146 145
		147 145
		147 148
		148 147
		148 149
		148 150
		149 148
		150 148
		150 151
		150 152
		151 150
		152 150
		152 153
		153 152
		153 154
		154 153
		154 155
		154 156
		155 154
		156 154
		156 157
		157 156
		157 158
		157 163
		158 157
		158 159
		159 158
		159 160
		160 159
		160 161
		161 160
		161 162
		162 161
		163 157
		163 164
		163 165
		164 163
		165 163
		165 166
		166 165
		166 167
		166 173
		167 166
		167 168
		168 167
		168 169
		168 172
		169 168
		169 170
		170 169
		170 171
		171 170
		171 172
		172 171
		172 168
		173 166
		173 174
		173 175
		174 173
		175 173
		175 176
		176 175
		176 177
		176 181
		177 176
		177 178
		178 177
		178 179
		178 180
		179 178
		180 178
		181 176
		181 182
		181 183
		182 181
		183 181
		183 184
		184 183
		184 185
		184 190
		185 184
		185 186
		186 185
		186 187
		187 186
		187 188
		187 189
		188 187
		189 187
		190 184
		190 191
		190 192
		191 190
		192 190
		192 193
		193 192
		193 194
		193 196
		194 193
		194 195
		195 194
		196 193
		196 197
		196 198
		197 196
		198 196
		198 199
		199 198
		199 200
		199 204
		200 199
		200 201
		201 200
		201 202
		201 203
		202 201
		203 201
		204 199
		204 205
		204 206
		205 204
		206 204
		206 207
		206 332
		207 206
		207 208
		207 332
		208 207
		208 209
		208 210
		209 208
		210 208
		210 211
		211 210
		211 212
		211 213
		212 211
		213 211
		213 214
		213 215
		214 213
		215 213
		215 216
		216 215
		216 217
		216 224
		217 216
		217 218
		218 217
		218 219
		219 218
		219 220
		220 219
		220 221
		221 220
		221 222
		221 223
		222 221
		223 221
		224 216
		224 225
		224 226
		225 224
		226 224
		226 227
		227 226
		227 228
		228 227
		228 229
		228 230
		229 228
		230 228
		230 231
		231 230
		231 232
		231 329
		232 231
		232 233
		232 234
		233 232
		234 232
		234 235
		235 234
		235 236
		236 235
		236 237
		236 238
		237 236
		238 236
		238 239
		239 238
		239 240
		240 239
		240 241
		240 242
		241 240
		242 240
		242 243
		243 242
		243 244
		243 246
		244 243
		244 245
		245 244
		246 243
		246 247
		246 248
		247 246
		248 246
		248 249
		249 248
		249 250
		249 254
		250 249
		250 251
		251 250
		251 252
		251 253
		252 251
		253 251
		254 249
		254 255
		254 256
		255 254
		256 254
		256 257
		257 256
		257 258
		258 257
		258 259
		258 260
		259 258
		260 258
		260 261
		261 260
		261 262
		262 261
		262 263
		262 264
		263 262
		264 262
		264 265
		265 264
		265 266
		266 265
		266 267
		266 268
		267 266
		268 266
		268 269
		269 268
		269 270
		269 271
		270 269
		271 269
		271 272
		271 273
		272 271
		273 271
		273 274
		274 273
		274 275
		275 274
		275 276
		275 277
		276 275
		277 275
		277 278
		278 277
		278 279
		278 283
		279 278
		279 280
		280 279
		280 281
		280 282
		281 280
		282 280
		283 278
		283 284
		283 285
		284 283
		285 283
		285 286
		286 285
		286 287
		286 291
		287 286
		287 288
		288 287
		288 289
		288 290
		289 288
		290 288
		291 286
		291 292
		291 293
		292 291
		293 291
		293 294
		294 293
		294 295
		294 296
		295 294
		296 294
		296 297
		296 298
		297 296
		298 296
		298 299
		299 298
		299 300
		299 305
		300 299
		301 302
		302 301
		305 299
		305 306
		305 307
		307 305
		307 311
		311 312
		311 307
		312 311
		314 315
		315 314
		315 316
		316 315
1
	added
		61 162
		61 52
		50 61
		39 33
		29 32
		17 21
		48 54
		66 69
		65 134
		29 50
		94 103
		15 23
		71 86
		14 24
		94 78
		3 88
		12 45
		68 77
		50 47
		1 90
		16 24
		2 89
		23 20
		77 85
		12 29
		90 3
		4 217
		47 41
		51 157
		27 38
		26 18
		65 95
		18 23
		2 219
		38 32
		85 79
		38 59
		62 53
		12 24
		14 21
		66 77
		45 39
		5 219
		24 16
		13 16
		25 15
		184 188
		0 89
		10 35
		46 40
		94 68
		35 46
		92 80
		2 6
		45 50
		30 40
		1 217
		13 32
		4 8
		29 37
		67 85
		48 62
		90 86
		77 70
		66 104
		90 6
		65 71
		59 156
		29 14
		95 69
		89 7
		37 45
		11 26
		15 26
		29 25
		43 51
		46 53
		64 101
		68 80
		89 2
		91 5
		219 7
		37 31
		11 30
		66 94
	removed
		201 203
		200 201
		193 195
		18 17
		211 210
		5 4
		217 211
		207 206
		14 13
		216 215
		210 211
		193 192
		210 208
		196 197
		212 211
		189 188
		206 204
		215 216
		206 207
		201 202
		192 193
		193 194
		194 193
		211 212
		188 189
		207 208
		208 207
		199 204
		208 210
		217 219
		218 217
		204 206
		212 213
		219 8
		213 212
		214 213
		198 196
		200 199
		215 214
		24 25
		16 15
		209 208
		203 201
		211 217
		208 209
		217 218
		199 200
		204 199
		205 204
		187 186
		195 193
		196 198
		204 205
		213 214
		214 215
		13 12
		197 196
		201 200
		202 201
	edges
		0 1
		0 89
		1 0
		1 2
		1 90
		1 217
		2 1
		2 3
		2 4
		2 89
		2 219
		2 6
		3 2
		3 88
		4 2
		4 5
		4 90
		4 8
		4 217
		5 6
		5 219
		6 5
		6 7
		6 8
		7 6
		8 6
		8 9
		8 219
		9 8
		9 10
		10 9
		10 11
		10 35
		11 10
		11 12
		11 30
		11 26
		12 11
		12 13
		12 29
		12 24
		12 45
		13 14
		13 27
		13 16
		13 32
		14 15
		14 24
		14 21
		15 14
		15 16
		15 17
		15 26
		15 23
		16 24
		17 15
		17 18
		17 24
		17 21
		18 19
		18 23
		19 18
		19 20
		19 21
		20 19
		21 19
		21 22
		21 23
		22 21
		23 21
		23 20
		24 17
		24 26
		25 24
		25 15
		26 24
		26 18
		27 13
		27 28
		27 29
		27 38
		28 27
		29 27
		29 30
		29 14
		29 37
		29 25
		29 32
		29 50
		30 29
		30 31
		30 35
		30 40
		31 30
		31 32
		32 31
		32 33
		32 34
		33 32
		34 32
		35 30
		35 36
		35 37
		35 46
		36 35
		37 35
		37 38
		37 31
		37 45
		38 37
		38 39
		38 43
		38 32
		38 59
		39 38
		39 40
		39 33
		40 39
		40 41
		40 42
		41 40
		42 40
		43 38
		43 44
		43 45
		43 51
		44 43
		45 43
		45 46
		45 39
		45 50
		46 45
		46 47
		46 48
		46 40
		46 53
		47 46
		47 41
		48 46
		48 49
		48 50
		48 62
		48 54
		49 48
		50 48
		50 51
		50 47
		50 61
		51 50
		51 52
		51 59
		51 157
		52 51
		52 53
		53 52
		53 54
		54 53
		54 55
		55 54
		55 56
		56 55
		56 57
		56 58
		57 56
		58 56
		59 51
		59 60
		59 61
		59 156
		60 59
		61 59
		61 62
		61 52
		61 162
		62 61
		62 63
		62 163
		62 53
		63 62
		63 64
		64 63
		64 65
		64 101
		65 64
		65 66
		65 95
		65 71
		65 134
		66 65
		66 67
		66 94
		66 77
		66 104
		66 69
		67 66
		67 68
		67 92
		67 85
		68 67
		68 69
		68 77
		68 80
		69 68
		69 70
		69 71
		70 69
		71 69
		71 72
		71 77
		71 86
		72 71
		72 73
		73 72
		73 74
		74 73
		74 75
		75 74
		75 76
		76 75
		77 71
		77 78
		77 70
		77 85
		78 77
		78 79
		78 80
		79 78
		80 78
		80 81
		80 85
		81 80
		81 82
		82 81
		82 83
		82 84
		83 82
		84 82
		85 80
		85 86
		85 79
		86 85
		86 87
		86 88
		87 86
		88 86
		88 89
		89 88
		89 90
		89 2
		89 7
		90 89
		90 91
		90 4
		90 3
		90 6
		90 86
		91 90
		91 5
		92 67
		92 93
		92 94
		92 80
		93 92
		94 92
		94 95
		94 68
		94 103
		94 78
		95 94
		95 96
		95 101
		95 69
		96 95
		96 97
		97 96
		97 98
		98 97
		98 99
		98 100
		99 98
		100 98
		101 95
		101 102
		101 103
		102 101
		103 101
		103 104
		104 103
		104 105
		104 134
		105 104
		105 106
		105 107
		106 105
		107 105
		107 108
		108 107
		108 109
		108 131
		109 108
		109 110
		109 111
		110 109
		111 109
		111 112
		112 111
		112 113
		112 118
		113 112
		113 114
		114 113
		114 115
		115 114
		115 116
		116 115
		116 117
		117 116
		118 112
		118 119
		118 120
		119 118
		120 118
		120 121
		121 120
		121 122
		121 128
		122 121
		122 123
		123 122
		123 124
		123 127
		124 123
		124 125
		125 124
		125 126
		126 125
		126 127
		127 126
		127 123
		128 121
		128 129
		128 130
		129 128
		130 128
		131 108
		131 132
		131 133
		132 131
		133 131
		134 104
		134 135
		135 134
		135 136
		136 135
		136 137
		137 136
		137 138
		138 137
		138 139
		138 165
		139 138
		139 140
		140 139
		140 141
		140 142
		141 140
		142 140
		142 143
		142 145
		143 142
		143 144
		144 143
		145 142
		145 146
		146 145
		146 147
		146 148
		147 146
		148 146
		148 149
		148 153
		149 148
		149 150
		150 149
		150 151
		150 152
		151 150
		152 150
		153 148
		153 154
		154 153
		154 155
		154 156
		155 154
		156 154
		156 157
		156 162
		157 156
		157 158
		158 157
		158 159
		159 158
		159 160
		159 161
		160 159
		161 159
		162 156
		162 163
		163 162
		163 164
		163 62
		164 163
		165 138
		165 166
		165 167
		166 165
		167 165
		167 168
		168 167
		168 169
		168 170
		169 168
		170 168
		170 171
		170 172
		171 170
		172 170
		172 173
		173 172
		173 174
		173 176
		174 173
		174 175
		175 174
		176 173
		176 177
		176 178
		177 176
		178 176
		178 179
		179 178
		179 180
		179 184
		180 179
		180 181
		181 180
		181 182
		181 183
		182 181
		183 181
		184 179
		184 185
		184 186
		184 188
		185 184
		186 184
		186 187
		187 188
		188 187
		188 190
		190 188
		190 191
		191 190
		191 192
		191 196
		192 191
		196 191
		198 199
		199 198
		219 217
		219 7
2
	added
		53 69
		41 31
		132 48
		4 9
		5 28
		68 75
		26 14
		33 29
		47 55
		135 3
		33 47
		5 12
		68 59
		4 23
		57 68
		5 30
		46 132
		1 8
		32 23
		40 134
		59 50
		57 52
		69 81
		4 25
		0 137
		133 47
		1 138
		30 43
		3 138
		51 68
		12 40
		49 68
		23 49
		47 134
		51 70
		1 5
		4 47
		59 56
		29 24
		14 5
		4 13
		12 26
		49 54
		4 31
		1 135
		26 134
		42 33
		5 41
		71 78
		30 40
		2 24
		23 10
		46 42
		49 56
		8 15
		40 28
		23 30
		0 4
		57 74
		32 29
		23 14
		14 11
		12 23
		75 70
		11 6
		2 12
		12 7
		26 33
		40 32
		76 73
		23 46
		49 74
		6 23
		77 74
		50 57
		50 75
		74 69
		40 46
		0 10
		56 51
		24 13
		24 40
		68 55
		30 25
		2 137
		68 82
		53 60
	removed
		146 148
		128 130
		147 146
		135 4
		142 141
		133 132
		124 123
		143 142
		150 151
		141 142
		143 145
		152 154
		127 128
		129 128
		123 124
		138 137
		138 146
		149 152
		132 133
		146 138
		128 129
		137 135
		139 138
		146 147
		125 124
		142 143
		124 125
		144 143
		153 152
		126 125
		143 144
		152 153
		138 139
		75 74
		140 139
		131 130
		148 146
		149 148
		148 149
		136 135
		139 140
		141 140
		134 132
		154 152
		125 126
		132 49
		150 149
		135 136
		130 131
		152 149
		130 128
		123 122
		132 134
		140 141
		149 150
		151 150
		128 127
		145 143
	edges
		0 1
		0 4
		0 10
		0 137
		1 0
		1 2
		1 135
		1 138
		1 8
		1 5
		2 1
		2 3
		2 4
		2 137
		2 12
		2 24
		3 2
		3 138
		4 2
		4 5
		4 135
		4 23
		4 25
		4 47
		4 9
		4 31
		4 13
		5 4
		5 6
		5 12
		5 30
		5 28
		5 41
		6 5
		6 7
		6 8
		6 23
		7 6
		8 6
		8 9
		8 12
		8 15
		9 8
		9 10
		10 9
		10 11
		11 10
		11 12
		11 6
		12 11
		12 13
		12 8
		12 7
		12 23
		12 40
		12 26
		13 12
		13 14
		13 15
		14 13
		14 11
		14 5
		15 13
		15 16
		15 23
		16 15
		16 17
		17 16
		17 18
		18 17
		18 19
		19 18
		19 20
		20 19
		20 21
		20 22
		21 20
		22 20
		23 15
		23 24
		23 14
		23 30
		23 10
		23 46
		23 49
		24 23
		24 25
		24 26
		24 40
		24 13
		25 24
		26 24
		26 27
		26 30
		26 33
		26 14
		26 134
		27 26
		27 28
		28 27
		28 29
		29 28
		29 30
		29 24
		30 29
		30 31
		30 26
		30 25
		30 40
		30 43
		31 30
		31 32
		31 33
		32 31
		32 29
		32 23
		33 31
		33 34
		33 40
		33 47
		33 29
		34 33
		34 35
		35 34
		35 36
		35 39
		36 35
		36 37
		37 36
		37 38
		38 37
		38 39
		39 38
		39 35
		40 33
		40 41
		40 32
		40 46
		40 134
		40 28
		41 40
		41 42
		41 43
		41 31
		42 41
		42 33
		43 41
		43 44
		43 46
		44 43
		44 45
		45 44
		46 43
		46 47
		46 42
		46 132
		47 46
		47 48
		47 49
		47 134
		47 55
		48 47
		49 47
		49 50
		49 132
		49 68
		49 74
		49 54
		49 56
		50 49
		50 51
		50 57
		50 75
		51 50
		51 52
		51 53
		51 68
		51 70
		52 51
		53 51
		53 54
		53 57
		53 60
		53 69
		54 53
		54 55
		55 54
		55 56
		56 55
		56 57
		56 51
		57 56
		57 58
		57 53
		57 52
		57 68
		57 74
		58 57
		58 59
		58 60
		59 58
		59 56
		59 50
		60 58
		60 61
		60 68
		61 60
		61 62
		62 61
		62 63
		63 62
		63 64
		64 63
		64 65
		65 64
		65 66
		65 67
		66 65
		67 65
		68 60
		68 69
		68 59
		68 75
		68 55
		68 82
		69 68
		69 70
		69 71
		69 81
		70 69
		71 69
		71 72
		71 75
		71 78
		72 71
		72 73
		73 72
		73 74
		74 73
		74 75
		74 69
		75 76
		75 71
		75 70
		76 75
		76 77
		76 78
		76 73
		77 76
		77 74
		78 76
		78 79
		78 81
		79 78
		79 80
		80 79
		81 78
		81 82
		82 81
		82 83
		82 84
		83 82
		84 82
		84 85
		84 93
		85 84
		85 86
		86 85
		86 87
		86 92
		87 86
		87 88
		88 87
		88 89
		89 88
		89 90
		89 91
		90 89
		91 89
		91 92
		92 91
		92 86
		93 84
		93 94
		94 93
		94 95
		94 96
		95 94
		96 94
		96 97
		96 100
		97 96
		97 98
		98 97
		98 99
		99 98
		99 100
		100 99
		100 101
		100 96
		101 100
		101 102
		101 103
		102 101
		103 101
		103 104
		103 111
		104 103
		104 105
		105 104
		105 106
		106 105
		106 107
		107 106
		107 108
		108 107
		108 109
		108 110
		109 108
		110 108
		111 103
		111 112
		112 111
		112 113
		112 114
		113 112
		114 112
		114 115
		114 118
		115 114
		115 116
		116 115
		116 117
		117 116
		117 118
		118 117
		118 119
		118 114
		119 118
		119 120
		119 121
		120 119
		121 119
		121 122
		121 127
		122 121
		122 123
		127 121
		135 137
		135 3
		137 138
3
	added
		15 39
		73 90
		5 10
		14 31
		6 2
		47 55
		45 3
		15 32
		10 45
		55 77
		77 83
		93 79
		90 83
		64 73
		0 46
		47 75
		64 91
		28 16
		48 58
		36 41
		64 57
		76 95
		64 75
		73 78
		65 58
		14 28
		6 45
		13 5
		53 59
		28 39
		71 83
		2 47
		7 46
		55 95
		1 5
		55 49
		76 81
		74 93
		29 15
		73 82
		12 8
		73 91
		1 62
		55 97
		75 82
		56 50
		73 66
		5 13
		57 51
		77 93
		55 90
		47 95
		28 36
		53 65
		73 77
		45 6
		4 8
		75 68
		64 95
		80 91
		0 4
		1 11
		2 10
		3 48
		10 7
		11 6
		0 6
		14 41
		45 56
		97 75
		77 81
		64 81
		64 90
		74 67
		5 31
		13 29
		79 93
		81 90
		1 45
		2 53
		36 30
		93 82
		41 38
		55 64
		47 5
		2 46
		73 97
		17 37
		75 97
	removed
		96 95
		81 82
		90 88
		78 77
		77 75
		69 68
		95 96
		86 87
		87 86
		83 82
		91 92
		92 91
		68 69
		88 90
		64 62
		73 71
		82 83
		95 74
		98 97
		84 83
		69 70
		70 69
		80 79
		78 79
		78 91
		97 98
		89 88
		97 95
		83 84
		74 75
		85 84
		76 75
		93 91
		93 94
		94 93
		88 89
		79 80
		72 71
		82 88
		84 85
		86 85
		95 97
		91 78
		91 93
		75 76
		85 86
		68 67
		88 82
		81 79
		71 72
		74 95
	edges
		0 1
		0 4
		0 46
		0 6
		1 0
		1 2
		1 45
		1 5
		1 11
		1 62
		2 1
		2 3
		2 4
		2 47
		2 10
		2 53
		2 46
		3 2
		3 48
		4 2
		4 5
		4 45
		4 8
		5 4
		5 6
		5 10
		5 13
		5 31
		6 5
		6 7
		6 8
		6 45
		6 2
		7 6
		7 46
		8 6
		8 9
		8 10
		9 8
		10 8
		10 11
		10 7
		10 45
		11 10
		11 12
		11 13
		11 6
		12 11
		12 8
		13 11
		13 14
		13 29
		13 5
		14 13
		14 15
		14 28
		14 31
		14 41
		15 14
		15 16
		15 17
		15 32
		15 39
		16 15
		17 15
		17 18
		17 28
		17 37
		18 17
		18 19
		19 18
		19 20
		19 27
		20 19
		20 21
		21 20
		21 22
		22 21
		22 23
		22 27
		23 22
		23 24
		24 23
		24 25
		25 24
		25 26
		26 25
		26 27
		27 26
		27 19
		27 22
		28 17
		28 29
		28 16
		28 36
		28 39
		29 28
		29 30
		29 31
		29 15
		30 29
		31 29
		31 32
		31 36
		32 31
		32 33
		33 32
		33 34
		33 35
		34 33
		35 33
		36 31
		36 37
		36 30
		36 41
		37 36
		37 38
		37 39
		38 37
		39 37
		39 40
		39 41
		40 39
		41 39
		41 42
		41 38
		42 41
		42 43
		42 44
		43 42
		44 42
		45 4
		45 46
		45 47
		45 3
		45 56
		45 6
		46 45
		47 45
		47 48
		47 5
		47 55
		47 75
		47 95
		48 47
		48 49
		48 53
		48 58
		49 48
		49 50
		50 49
		50 51
		50 52
		51 50
		52 50
		53 48
		53 54
		53 55
		53 65
		53 59
		54 53
		55 53
		55 56
		55 49
		55 64
		55 97
		55 90
		55 77
		55 95
		56 55
		56 57
		56 62
		56 50
		57 56
		57 58
		57 51
		58 57
		58 59
		59 58
		59 60
		60 59
		60 61
		61 60
		62 56
		62 63
		62 64
		63 62
		64 65
		64 57
		64 73
		64 81
		64 95
		64 75
		64 90
		64 91
		65 64
		65 66
		65 71
		65 58
		66 65
		66 67
		67 66
		67 68
		71 65
		71 73
		71 83
		73 74
		73 66
		73 77
		73 97
		73 90
		73 91
		73 82
		73 78
		74 73
		74 67
		74 93
		75 74
		75 77
		75 68
		75 82
		77 78
		77 81
		77 93
		77 83
		79 78
		79 81
		81 90
		82 81
