num_iters=4
0
	added
		55 57
		67 4
		73 81
		1 40
		335 74
		11 5
		69 95
		21 9
		72 84
		42 50
		95 86
		42 59
		46 50
		19 11
		37 26
		86 95
		43 60
		21 39
		9 19
		11 7
		97 104
		69 42
		60 103
		108 98
		56 60
		24 37
		11 37
		8 41
		39 28
		60 5
		104 48
		97 106
		24 21
		52 46
		39 21
		54 74
		74 52
		5 62
		19 6
		75 60
		69 74
		74 70
		54 58
		30 36
		58 67
		21 27
		84 95
		21 36
		95 104
		55 95
		110 104
		50 44
		86 76
		67 72
		98 114
		4 86
		60 84
		44 67
		69 105
		74 86
		33 30
		74 104
		2 42
		37 9
		3 7
		50 58
		40 44
		105 67
		84 108
		60 86
		73 105
		72 106
		19 24
		40 1
		47 49
		84 74
		4 8
		10 60
		44 7
		62 43
		40 3
		30 35
		67 60
		4 56
		29 21
		43 47
		104 97
		59 74
		8 1
		108 103
		6 21
		111 74
		104 337
		42 5
		104 108
		36 28
		2 60
		28 33
		5 95
		58 52
		72 69
		5 58
		51 55
		60 67
		52 72
		76 84
		26 19
		81 83
		25 39
		98 108
		7 42
		57 55
		48 52
		51 69
		108 73
		21 44
		104 60
		5 108
	removed
		315 316
		320 321
		316 317
		317 316
		334 332
		327 326
		326 328
		323 322
		332 334
		318 317
		294 295
		295 294
		317 318
		292 291
		323 324
		324 323
		315 320
		291 292
		325 324
		326 323
		319 317
		321 320
		323 326
		324 325
		36 34
		336 335
		307 311
		290 288
		299 300
		300 299
		310 309
		326 327
		306 305
		322 323
		301 300
		332 333
		333 332
		302 301
		297 296
		300 301
		296 297
		335 105
		332 207
		330 329
		302 303
		303 302
		312 314
		329 330
		308 307
		317 319
		335 336
		298 296
		307 308
		331 329
		329 231
		322 320
		315 314
		311 310
		328 326
		320 322
		314 315
		310 311
		301 302
		320 315
		311 312
		312 311
		313 312
		309 308
		312 313
		308 309
		304 302
		296 298
		309 310
		311 307
		302 304
		337 335
		329 331
		314 312
		316 315
		335 337
	edges
		0 1
		1 0
		1 2
		1 40
		2 1
		2 3
		2 4
		2 42
		2 60
		3 2
		3 7
		4 2
		4 5
		4 40
		4 8
		4 56
		4 86
		5 4
		5 6
		5 58
		5 95
		5 108
		5 62
		6 5
		6 7
		6 8
		6 21
		7 6
		7 42
		8 6
		8 9
		8 41
		8 1
		9 8
		9 10
		9 19
		10 9
		10 11
		10 12
		10 60
		11 10
		11 37
		11 5
		11 7
		12 10
		12 13
		12 19
		13 12
		13 14
		14 13
		14 15
		14 18
		15 14
		15 16
		16 15
		16 17
		17 16
		17 18
		18 17
		18 14
		19 12
		19 20
		19 11
		19 24
		19 6
		20 19
		20 21
		20 22
		21 20
		21 39
		21 27
		21 9
		21 36
		21 44
		22 20
		22 23
		22 24
		23 22
		24 22
		24 25
		24 21
		24 37
		25 24
		25 26
		25 27
		25 39
		26 25
		26 19
		27 25
		27 28
		27 37
		28 27
		28 29
		28 33
		29 28
		29 30
		29 31
		29 21
		30 29
		30 35
		30 36
		31 29
		31 32
		31 33
		32 31
		33 31
		33 34
		33 30
		34 33
		34 35
		34 36
		35 34
		36 28
		37 27
		37 38
		37 39
		37 26
		37 9
		38 37
		39 37
		39 28
		39 21
		40 4
		40 41
		40 42
		40 3
		40 1
		40 44
		41 40
		42 40
		42 43
		42 5
		42 50
		42 59
		43 42
		43 44
		43 48
		43 47
		43 60
		44 43
		44 45
		44 67
		44 7
		45 44
		45 46
		45 47
		46 45
		46 50
		47 45
		47 49
		48 43
		48 49
		48 50
		48 52
		49 48
		50 48
		50 51
		50 44
		50 58
		51 50
		51 52
		51 56
		51 55
		51 69
		52 51
		52 53
		52 72
		52 46
		53 52
		53 54
		53 55
		54 53
		54 58
		54 74
		55 53
		55 95
		55 57
		56 51
		56 57
		56 58
		56 60
		57 56
		57 55
		58 56
		58 59
		58 52
		58 67
		59 58
		59 60
		59 65
		59 74
		60 59
		60 61
		60 84
		60 67
		60 103
		60 5
		60 86
		61 60
		61 62
		62 61
		62 63
		62 64
		62 43
		63 62
		64 62
		65 59
		65 66
		65 67
		66 65
		67 65
		67 68
		67 60
		67 72
		67 4
		68 67
		68 69
		68 70
		69 68
		69 95
		69 74
		69 105
		69 42
		70 68
		70 71
		70 72
		71 70
		72 70
		72 73
		72 69
		72 84
		72 106
		73 72
		73 74
		73 82
		73 81
		73 105
		74 73
		74 75
		74 104
		74 52
		74 86
		74 70
		75 74
		75 76
		75 81
		75 60
		76 75
		76 77
		76 84
		77 76
		77 78
		78 77
		78 79
		78 80
		79 78
		80 78
		80 81
		81 80
		81 75
		81 83
		82 73
		82 83
		82 84
		83 82
		84 82
		84 85
		84 74
		84 95
		84 108
		85 84
		85 86
		85 93
		86 85
		86 87
		86 95
		86 76
		87 86
		87 88
		88 87
		88 89
		89 88
		89 90
		90 89
		90 91
		90 92
		91 90
		92 90
		93 85
		93 94
		93 95
		94 93
		95 93
		95 96
		95 86
		95 104
		96 95
		96 97
		96 102
		97 96
		97 98
		97 104
		97 106
		98 97
		98 99
		98 114
		98 108
		99 98
		99 100
		100 99
		100 101
		101 100
		102 96
		102 103
		102 104
		103 102
		104 102
		104 105
		104 97
		104 108
		104 337
		104 48
		104 60
		105 104
		105 106
		105 335
		105 67
		106 105
		106 107
		106 108
		107 106
		108 106
		108 109
		108 103
		108 98
		108 73
		109 108
		109 110
		109 114
		110 109
		110 111
		110 104
		111 110
		111 112
		111 113
		111 74
		112 111
		113 111
		114 109
		114 115
		114 116
		115 114
		116 114
		116 117
		117 116
		117 118
		117 122
		118 117
		118 119
		119 118
		119 120
		119 121
		120 119
		121 119
		122 117
		122 123
		122 124
		123 122
		124 122
		124 125
		125 124
		125 126
		125 131
		126 125
		126 127
		127 126
		127 128
		128 127
		128 129
		128 130
		129 128
		130 128
		131 125
		131 132
		131 133
		132 131
		133 131
		133 134
		134 133
		134 135
		134 139
		135 134
		135 136
		136 135
		136 137
		136 138
		137 136
		138 136
		139 134
		139 140
		139 141
		140 139
		141 139
		141 142
		142 141
		142 143
		142 145
		143 142
		143 144
		144 143
		145 142
		145 146
		145 147
		146 145
		147 145
		147 148
		148 147
		148 149
		148 150
		149 148
		150 148
		150 151
		150 152
		151 150
		152 150
		152 153
		153 152
		153 154
		154 153
		154 155
		154 156
		155 154
		156 154
		156 157
		157 156
		157 158
		157 163
		158 157
		158 159
		159 158
		159 160
		160 159
		160 161
		161 160
		161 162
		162 161
		163 157
		163 164
		163 165
		164 163
		165 163
		165 166
		166 165
		166 167
		166 173
		167 166
		167 168
		168 167
		168 169
		168 172
		169 168
		169 170
		170 169
		170 171
		171 170
		171 172
		172 171
		172 168
		173 166
		173 174
		173 175
		174 173
		175 173
		175 176
		176 175
		176 177
		176 181
		177 176
		177 178
		178 177
		178 179
		178 180
		179 178
		180 178
		181 176
		181 182
		181 183
		182 181
		183 181
		183 184
		184 183
		184 185
		184 190
		185 184
		185 186
		186 185
		186 187
		187 186
		187 188
		187 189
		188 187
		189 187
		190 184
		190 191
		190 192
		191 190
		192 190
		192 193
		193 192
		193 194
		193 196
		194 193
		194 195
		195 194
		196 193
		196 197
		196 198
		197 196
		198 196
		198 199
		199 198
		199 200
		199 204
		200 199
		200 201
		201 200
		201 202
		201 203
		202 201
		203 201
		204 199
		204 205
		204 206
		205 204
		206 204
		206 207
		207 206
		207 208
		207 332
		208 207
		208 209
		208 210
		209 208
		210 208
		210 211
		211 210
		211 212
		211 213
		212 211
		213 211
		213 214
		213 215
		214 213
		215 213
		215 216
		216 215
		216 217
		216 224
		217 216
		217 218
		218 217
		218 219
		219 218
		219 220
		220 219
		220 221
		221 220
		221 222
		221 223
		222 221
		223 221
		224 216
		224 225
		224 226
		225 224
		226 224
		226 227
		227 226
		227 228
		228 227
		228 229
		228 230
		229 228
		230 228
		230 231
		231 230
		231 232
		231 329
		232 231
		232 233
		232 234
		233 232
		234 232
		234 235
		235 234
		235 236
		236 235
		236 237
		236 238
		237 236
		238 236
		238 239
		239 238
		239 240
		240 239
		240 241
		240 242
		241 240
		242 240
		242 243
		243 242
		243 244
		243 246
		244 243
		244 245
		245 244
		246 243
		246 247
		246 248
		247 246
		248 246
		248 249
		249 248
		249 250
		249 254
		250 249
		250 251
		251 250
		251 252
		251 253
		252 251
		253 251
		254 249
		254 255
		254 256
		255 254
		256 254
		256 257
		257 256
		257 258
		258 257
		258 259
		258 260
		259 258
		260 258
		260 261
		261 260
		261 262
		262 261
		262 263
		262 264
		263 262
		264 262
		264 265
		265 264
		265 266
		266 265
		266 267
		266 268
		267 266
		268 266
		268 269
		269 268
		269 270
		269 271
		270 269
		271 269
		271 272
		271 273
		272 271
		273 271
		273 274
		274 273
		274 275
		275 274
		275 276
		275 277
		276 275
		277 275
		277 278
		278 277
		278 279
		278 283
		279 278
		279 280
		280 279
		280 281
		280 282
		281 280
		282 280
		283 278
		283 284
		283 285
		284 283
		285 283
		285 286
		286 285
		286 287
		286 291
		287 286
		287 288
		288 287
		288 289
		288 290
		289 288
		291 286
		291 293
		293 291
		293 294
		294 293
		294 296
		296 294
		298 299
		299 298
		299 305
		305 299
		305 306
		305 307
		307 305
		335 74
1
	added
		61 52
		16 29
		50 61
		87 80
		134 131
		39 33
		64 96
		134 94
		14 31
		179 190
		120 113
		13 17
		94 103
		61 164
		164 48
		190 186
		136 96
		12 18
		14 24
		24 10
		68 77
		133 109
		50 47
		106 134
		1 90
		10 47
		23 20
		77 85
		12 29
		120 108
		90 3
		12 47
		26 18
		30 34
		18 23
		2 91
		94 64
		85 79
		77 105
		1 85
		79 87
		31 10
		106 95
		38 52
		68 65
		107 133
		96 133
		101 62
		45 39
		5 219
		24 16
		47 164
		33 37
		30 47
		110 131
		94 68
		137 167
		107 71
		104 118
		164 13
		27 35
		45 50
		8 31
		39 18
		35 39
		68 106
		80 71
		94 134
		101 66
		45 52
		103 69
		29 10
		103 96
		29 37
		13 50
		34 36
		65 78
		120 130
		77 70
		43 47
		70 65
		38 42
		103 107
		52 13
		96 68
		39 61
		29 14
		111 120
		24 27
		139 145
		52 61
		187 179
		96 134
		31 50
		111 104
		37 45
		15 26
		41 45
		42 44
		88 4
		90 1
		64 101
		219 5
		88 77
		14 45
		52 29
		107 111
		91 5
		130 122
		47 14
		70 80
		45 26
		219 7
		10 13
		37 31
		85 89
		186 196
		66 94
	removed
		201 203
		196 197
		166 165
		183 181
		192 193
		188 189
		199 198
		208 210
		170 171
		200 199
		177 176
		190 188
		199 200
		191 196
		205 204
		186 184
		201 200
		207 206
		210 211
		175 174
		206 207
		201 202
		171 170
		207 208
		208 207
		199 204
		214 213
		198 196
		211 217
		182 181
		208 209
		195 193
		204 205
		214 215
		215 214
		200 201
		193 195
		211 210
		188 190
		212 211
		189 188
		206 204
		215 216
		174 175
		185 184
		211 212
		218 217
		212 213
		219 8
		213 212
		209 208
		203 201
		217 218
		167 165
		176 177
		186 187
		187 186
		196 198
		213 214
		193 192
		217 211
		191 192
		216 215
		210 208
		187 188
		196 191
		193 194
		194 193
		204 206
		198 199
		184 185
		169 168
		204 199
		197 196
		192 191
		168 169
		202 201
	edges
		0 1
		1 0
		1 2
		1 90
		1 85
		2 1
		2 3
		2 4
		2 91
		3 2
		4 2
		4 5
		4 90
		5 4
		5 6
		5 219
		6 5
		6 7
		6 8
		7 6
		8 6
		8 9
		8 219
		8 31
		9 8
		9 10
		10 9
		10 11
		10 13
		10 47
		11 10
		11 12
		12 11
		12 13
		12 29
		12 18
		12 47
		13 12
		13 14
		13 27
		13 50
		13 17
		14 13
		14 15
		14 24
		14 45
		14 31
		15 14
		15 16
		15 17
		15 26
		16 15
		16 29
		17 15
		17 18
		17 24
		18 17
		18 19
		18 23
		19 18
		19 20
		19 21
		20 19
		21 19
		21 22
		21 23
		22 21
		23 21
		23 20
		24 17
		24 25
		24 26
		24 16
		24 27
		24 10
		25 24
		26 24
		26 18
		27 13
		27 28
		27 29
		27 35
		28 27
		29 27
		29 30
		29 14
		29 37
		29 10
		30 29
		30 31
		30 35
		30 34
		30 47
		31 30
		31 32
		31 50
		31 10
		32 31
		32 33
		32 34
		33 32
		33 37
		34 32
		34 36
		35 30
		35 36
		35 37
		35 39
		36 35
		37 35
		37 38
		37 31
		37 45
		38 37
		38 39
		38 43
		38 42
		38 52
		39 38
		39 40
		39 61
		39 33
		39 18
		40 39
		40 41
		40 42
		41 40
		41 45
		42 40
		42 44
		43 38
		43 44
		43 45
		43 47
		44 43
		45 43
		45 46
		45 39
		45 50
		45 26
		45 52
		46 45
		46 47
		46 48
		47 46
		47 164
		47 14
		48 46
		48 49
		48 50
		49 48
		50 48
		50 51
		50 47
		50 61
		51 50
		51 52
		51 59
		52 51
		52 53
		52 61
		52 13
		52 29
		53 52
		53 54
		54 53
		54 55
		55 54
		55 56
		56 55
		56 57
		56 58
		57 56
		58 56
		59 51
		59 60
		59 61
		60 59
		61 59
		61 62
		61 52
		61 164
		62 61
		62 63
		62 163
		63 62
		63 64
		64 63
		64 65
		64 96
		64 101
		65 64
		65 66
		65 78
		66 65
		66 67
		66 94
		67 66
		67 68
		67 92
		68 67
		68 69
		68 77
		68 106
		68 65
		69 68
		69 70
		69 71
		70 69
		70 80
		70 65
		71 69
		71 72
		71 77
		72 71
		72 73
		73 72
		73 74
		74 73
		74 75
		75 74
		75 76
		76 75
		77 71
		77 78
		77 70
		77 85
		77 105
		78 77
		78 79
		78 80
		79 78
		79 87
		80 78
		80 81
		80 85
		80 71
		81 80
		81 82
		82 81
		82 83
		82 84
		83 82
		84 82
		85 80
		85 86
		85 79
		85 89
		86 85
		86 87
		86 88
		87 86
		87 80
		88 86
		88 89
		88 77
		88 4
		89 88
		89 90
		90 89
		90 91
		90 4
		90 3
		90 1
		91 90
		91 5
		92 67
		92 93
		92 94
		93 92
		94 92
		94 95
		94 68
		94 103
		94 64
		94 134
		95 94
		95 96
		95 101
		96 95
		96 97
		96 133
		96 134
		96 68
		97 96
		97 98
		98 97
		98 99
		98 100
		99 98
		100 98
		101 95
		101 102
		101 103
		101 62
		101 66
		102 101
		103 101
		103 104
		103 96
		103 107
		103 69
		104 103
		104 105
		104 134
		104 118
		105 104
		105 106
		105 107
		106 105
		106 134
		106 95
		107 105
		107 108
		107 111
		107 133
		107 71
		108 107
		108 109
		108 131
		109 108
		109 110
		109 111
		110 109
		110 131
		111 109
		111 112
		111 120
		111 104
		112 111
		112 113
		112 118
		113 112
		113 114
		114 113
		114 115
		115 114
		115 116
		116 115
		116 117
		117 116
		118 112
		118 119
		118 120
		119 118
		120 118
		120 121
		120 113
		120 130
		120 108
		121 120
		121 122
		121 128
		122 121
		122 123
		123 122
		123 124
		123 127
		124 123
		124 125
		125 124
		125 126
		126 125
		126 127
		127 126
		127 123
		128 121
		128 129
		128 130
		129 128
		130 128
		130 122
		131 108
		131 132
		131 133
		132 131
		133 131
		133 109
		134 104
		134 135
		134 94
		134 131
		135 134
		135 136
		136 135
		136 137
		136 96
		137 136
		137 138
		137 167
		138 137
		138 139
		138 165
		139 138
		139 140
		139 145
		140 139
		140 141
		140 142
		141 140
		142 140
		142 143
		142 145
		143 142
		143 144
		144 143
		145 142
		145 146
		146 145
		146 147
		146 148
		147 146
		148 146
		148 149
		148 153
		149 148
		149 150
		150 149
		150 151
		150 152
		151 150
		152 150
		153 148
		153 154
		154 153
		154 155
		154 156
		155 154
		156 154
		156 157
		156 162
		157 156
		157 158
		158 157
		158 159
		159 158
		159 160
		159 161
		160 159
		161 159
		162 156
		162 163
		163 162
		163 164
		163 62
		164 163
		164 48
		164 13
		165 138
		165 166
		165 167
		167 168
		168 167
		168 170
		170 168
		170 172
		172 170
		172 173
		173 172
		173 174
		173 176
		174 173
		176 173
		176 178
		178 176
		178 179
		179 178
		179 180
		179 184
		179 190
		180 179
		180 181
		181 180
		181 182
		181 183
		184 179
		184 186
		186 196
		187 179
		187 188
		188 187
		190 191
		191 190
		217 219
		219 217
		219 5
2
	added
		135 1
		132 48
		118 113
		53 32
		74 82
		68 75
		7 1
		33 29
		35 26
		132 32
		7 10
		135 3
		2 32
		48 29
		5 12
		56 30
		68 59
		48 56
		57 68
		46 13
		46 132
		57 132
		14 42
		53 64
		47 57
		59 68
		127 120
		48 40
		8 4
		51 2
		57 52
		95 118
		7 14
		39 30
		93 74
		32 55
		12 31
		62 53
		15 11
		28 39
		96 103
		100 119
		81 93
		47 134
		103 99
		76 60
		121 114
		6 47
		70 93
		56 48
		34 48
		42 49
		14 5
		74 111
		6 40
		1 53
		32 132
		42 134
		1 135
		71 78
		30 40
		46 42
		78 74
		32 52
		8 15
		93 83
		23 30
		59 81
		52 75
		1 11
		25 12
		111 118
		23 14
		32 47
		15 31
		50 62
		12 23
		75 70
		32 65
		8 19
		134 40
		2 12
		111 102
		42 30
		100 111
		12 7
		60 56
		46 39
		26 33
		40 32
		12 135
		59 76
		100 95
		71 59
		134 42
		114 121
		82 68
		32 42
		50 57
		75 56
		121 117
		17 8
		118 127
		40 46
		93 100
		31 6
		12 2
		7 15
		132 46
		35 40
		81 101
		25 48
		19 7
		146 2
		30 25
		132 12
		2 137
		2 146
		53 60
	removed
		146 148
		143 142
		152 154
		129 128
		132 133
		137 138
		107 106
		144 143
		106 107
		140 139
		136 135
		141 140
		121 119
		109 108
		140 141
		151 150
		105 104
		147 146
		108 109
		142 141
		104 105
		138 137
		138 146
		146 138
		105 106
		116 115
		142 143
		153 152
		143 144
		138 139
		115 116
		149 148
		134 132
		152 149
		112 113
		113 112
		130 128
		123 122
		132 134
		149 150
		119 118
		128 130
		141 142
		123 124
		149 152
		110 108
		119 120
		120 119
		137 135
		146 147
		125 124
		126 125
		135 137
		152 153
		148 149
		108 110
		150 149
		122 123
		145 143
		124 123
		150 151
		143 145
		127 128
		106 105
		128 129
		139 138
		124 125
		101 102
		131 130
		148 146
		139 140
		125 126
		135 136
		130 131
		154 152
	edges
		0 1
		1 0
		1 2
		1 135
		1 11
		1 53
		2 1
		2 3
		2 4
		2 137
		2 12
		2 146
		2 32
		3 2
		4 2
		4 5
		4 135
		5 4
		5 6
		5 12
		6 5
		6 7
		6 8
		6 40
		6 47
		7 6
		7 1
		7 14
		7 10
		7 15
		8 6
		8 9
		8 12
		8 15
		8 19
		8 4
		9 8
		9 10
		10 9
		10 11
		11 10
		11 12
		12 11
		12 13
		12 8
		12 7
		12 23
		12 31
		12 135
		12 2
		13 12
		13 14
		13 15
		14 13
		14 5
		14 42
		15 13
		15 16
		15 23
		15 11
		15 31
		16 15
		16 17
		17 16
		17 18
		17 8
		18 17
		18 19
		19 18
		19 20
		19 7
		20 19
		20 21
		20 22
		21 20
		22 20
		23 15
		23 24
		23 14
		23 30
		24 23
		24 25
		24 26
		25 24
		25 48
		25 12
		26 24
		26 27
		26 30
		26 33
		27 26
		27 28
		28 27
		28 29
		28 39
		29 28
		29 30
		30 29
		30 31
		30 26
		30 25
		30 40
		31 30
		31 32
		31 33
		31 6
		32 31
		32 132
		32 47
		32 42
		32 52
		32 65
		32 55
		33 31
		33 34
		33 40
		33 29
		34 33
		34 35
		34 48
		35 34
		35 36
		35 39
		35 26
		35 40
		36 35
		36 37
		37 36
		37 38
		38 37
		38 39
		39 38
		39 35
		39 30
		40 33
		40 41
		40 32
		40 46
		41 40
		41 42
		41 43
		42 41
		42 134
		42 49
		42 30
		43 41
		43 44
		43 46
		44 43
		44 45
		45 44
		46 43
		46 47
		46 42
		46 132
		46 13
		46 39
		47 46
		47 48
		47 49
		47 134
		47 57
		48 47
		48 40
		48 56
		48 29
		49 47
		49 50
		49 132
		50 49
		50 51
		50 57
		50 62
		51 50
		51 52
		51 53
		51 2
		52 51
		52 75
		53 51
		53 54
		53 57
		53 60
		53 32
		53 64
		54 53
		54 55
		55 54
		55 56
		56 55
		56 57
		56 48
		56 30
		57 56
		57 58
		57 53
		57 52
		57 68
		57 132
		58 57
		58 59
		58 60
		59 58
		59 76
		59 68
		59 81
		60 58
		60 61
		60 68
		60 56
		61 60
		61 62
		62 61
		62 63
		62 53
		63 62
		63 64
		64 63
		64 65
		65 64
		65 66
		65 67
		66 65
		67 65
		68 60
		68 69
		68 59
		68 75
		69 68
		69 70
		69 71
		70 69
		70 93
		71 69
		71 72
		71 75
		71 78
		71 59
		72 71
		72 73
		73 72
		73 74
		74 73
		74 75
		74 82
		74 111
		75 74
		75 76
		75 71
		75 70
		75 56
		76 75
		76 77
		76 78
		76 60
		77 76
		78 76
		78 79
		78 81
		78 74
		79 78
		79 80
		80 79
		81 78
		81 82
		81 93
		81 101
		82 81
		82 83
		82 84
		82 68
		83 82
		84 82
		84 85
		84 93
		85 84
		85 86
		86 85
		86 87
		86 92
		87 86
		87 88
		88 87
		88 89
		89 88
		89 90
		89 91
		90 89
		91 89
		91 92
		92 91
		92 86
		93 84
		93 94
		93 83
		93 100
		93 74
		94 93
		94 95
		94 96
		95 94
		95 118
		96 94
		96 97
		96 100
		96 103
		97 96
		97 98
		98 97
		98 99
		99 98
		99 100
		100 99
		100 101
		100 96
		100 95
		100 111
		100 119
		101 100
		101 103
		102 101
		103 101
		103 104
		103 111
		103 99
		104 103
		107 108
		108 107
		111 103
		111 112
		111 102
		111 118
		112 111
		112 114
		114 112
		114 115
		114 118
		114 121
		115 114
		116 117
		117 116
		117 118
		118 117
		118 119
		118 114
		118 113
		118 127
		119 121
		121 122
		121 127
		121 117
		121 114
		122 121
		127 121
		128 127
		132 49
		132 32
		132 12
		132 46
		133 132
		134 40
		135 4
		135 1
3
	added
		4 0
		44 36
		55 66
		67 77
		5 10
		66 5
		5 28
		49 7
		30 39
		47 55
		45 3
		55 77
		93 79
		2 68
		49 55
		57 77
		49 73
		81 71
		7 12
		90 83
		55 6
		64 73
		51 57
		28 16
		49 57
		66 73
		49 2
		7 51
		36 41
		64 57
		72 79
		76 95
		64 75
		48 51
		0 66
		14 28
		13 5
		6 54
		16 10
		4 54
		2 47
		5 64
		28 11
		57 47
		6 93
		38 43
		67 79
		52 5
		95 49
		55 49
		73 64
		30 38
		16 30
		73 82
		58 5
		5 66
		79 55
		88 3
		73 66
		77 93
		28 36
		73 77
		67 76
		4 81
		30 8
		10 5
		80 91
		0 4
		93 76
		47 88
		7 52
		71 0
		82 73
		11 49
		10 62
		10 7
		10 16
		97 75
		77 72
		4 67
		77 81
		64 81
		81 97
		16 41
		2 51
		7 47
		73 47
		76 73
		73 56
		12 55
		5 49
		38 28
		51 55
		81 90
		10 48
		1 45
		28 72
		30 14
		36 30
		5 79
		0 10
		88 77
		2 71
		76 93
		41 38
		6 16
		77 67
		55 64
		47 5
		73 97
		46 55
		48 52
		68 55
		57 64
		68 73
	removed
		96 95
		90 88
		35 33
		31 29
		97 95
		75 74
		85 84
		26 25
		82 88
		91 93
		75 76
		85 86
		56 62
		71 65
		79 78
		88 90
		33 35
		82 83
		29 31
		78 79
		57 56
		89 88
		83 84
		79 80
		86 85
		95 97
		45 4
		60 59
		86 87
		87 86
		95 74
		84 83
		60 61
		61 60
		97 98
		93 94
		94 93
		88 89
		52 50
		84 85
		65 71
		62 63
		88 82
		63 62
		58 59
		59 58
		69 68
		95 96
		91 92
		62 56
		92 91
		68 69
		98 97
		59 60
		69 70
		70 69
		80 79
		78 91
		34 33
		65 66
		66 65
		76 75
		93 91
		33 34
		91 78
		39 40
		66 67
	edges
		0 1
		0 4
		0 10
		0 66
		1 0
		1 2
		1 45
		2 1
		2 3
		2 4
		2 47
		2 71
		2 51
		2 68
		3 2
		4 2
		4 5
		4 45
		4 0
		4 81
		4 54
		4 67
		5 4
		5 6
		5 10
		5 64
		5 49
		5 28
		5 66
		5 79
		6 5
		6 7
		6 8
		6 54
		6 16
		6 93
		7 6
		7 12
		7 47
		7 51
		7 52
		8 6
		8 9
		8 10
		9 8
		10 8
		10 11
		10 7
		10 5
		10 16
		10 48
		10 62
		11 10
		11 12
		11 13
		11 49
		12 11
		12 55
		13 11
		13 14
		13 5
		14 13
		14 15
		14 28
		15 14
		15 16
		15 17
		16 15
		16 41
		16 30
		16 10
		17 15
		17 18
		17 28
		18 17
		18 19
		19 18
		19 20
		19 27
		20 19
		20 21
		21 20
		21 22
		22 21
		22 23
		22 27
		23 22
		23 24
		24 23
		24 25
		25 24
		25 26
		26 27
		27 26
		27 19
		27 22
		28 17
		28 29
		28 16
		28 36
		28 11
		28 72
		29 28
		29 30
		30 29
		30 39
		30 14
		30 38
		30 8
		31 32
		31 36
		32 31
		32 33
		33 32
		36 31
		36 37
		36 41
		37 36
		37 38
		37 39
		38 37
		38 43
		38 28
		39 37
		39 41
		40 39
		41 39
		41 42
		42 41
		42 43
		42 44
		43 42
		44 42
		44 36
		45 46
		45 47
		46 45
		46 55
		47 45
		47 48
		47 5
		47 55
		47 88
		48 47
		48 49
		48 53
		48 51
		49 48
		49 50
		49 73
		49 2
		49 57
		49 7
		49 55
		50 49
		50 51
		50 52
		51 50
		51 55
		52 5
		53 48
		53 54
		53 55
		54 53
		55 53
		55 56
		55 49
		55 64
		55 77
		55 6
		55 66
		56 55
		56 57
		57 58
		57 64
		57 47
		57 77
		58 57
		58 5
		62 64
		64 62
		64 65
		64 57
		64 73
		64 81
		64 75
		65 64
		66 73
		66 5
		66 67
		67 66
		67 68
		67 76
		67 77
		67 79
		68 67
		68 73
		68 55
		71 72
		71 73
		71 0
		72 71
		72 79
		73 71
		73 74
		73 66
		73 77
		73 97
		73 82
		73 47
		73 56
		73 64
		74 73
		74 75
		74 95
		75 77
		76 73
		77 75
		77 78
		77 81
		77 93
		77 72
		77 67
		78 77
		79 81
		79 55
		81 79
		81 82
		81 97
		81 71
		82 81
		82 73
		83 82
		88 77
		88 3
		95 49
		95 74
4
	added
		88 100
		37 6
		7 35
		37 33
		97 102
		74 82
		38 7
		57 84
		46 84
		80 49
		5 44
		5 3
		22 19
		100 76
		49 46
		11 7
		49 55
		75 92
		44 40
		82 88
		44 49
		76 102
		65 47
		82 97
		6 34
		53 57
		56 62
		56 80
		13 5
		4 45
		58 46
		55 65
		76 51
		31 37
		67 88
		46 65
		89 97
		24 7
		55 49
		62 64
		37 44
		82 76
		33 37
		45 57
		100 57
		2 31
		8 47
		100 66
		32 41
		57 40
		84 88
		5 11
		88 67
		65 74
		55 51
		31 5
		11 36
		66 100
		67 74
		50 67
		40 44
		51 74
		38 56
		67 46
		29 1
		63 67
		4 8
		38 40
		97 89
		33 7
		7 52
		29 3
		37 4
		104 88
		97 82
		59 65
		4 19
		80 84
		17 13
		17 22
		57 67
		88 82
		72 76
		98 104
		33 2
		39 36
		74 67
		82 50
		11 17
		88 84
		92 100
		20 4
		13 20
		41 36
		76 100
		7 13
		7 22
		51 55
		90 102
		78 82
		84 98
		65 57
		91 76
		36 39
		40 55
		80 45
		4 53
		1 29
		92 65
		100 90
		38 51
		75 79
		5 35
		84 57
		57 82
		18 8
	removed
		111 110
		72 66
		96 97
		107 106
		103 102
		106 107
		85 84
		117 119
		94 96
		47 48
		42 43
		107 108
		108 107
		118 117
		38 39
		114 113
		109 108
		98 89
		105 104
		116 113
		107 110
		108 109
		104 105
		114 115
		100 98
		115 114
		110 111
		96 94
		98 100
		86 83
		106 104
		83 84
		116 117
		112 113
		113 112
		54 53
		64 63
		86 87
		87 86
		97 96
		113 114
		93 92
		60 61
		61 60
		113 116
		117 116
		93 94
		79 77
		94 93
		99 98
		95 94
		97 91
		112 110
		104 106
		83 86
		117 118
		110 112
		94 95
		73 72
		69 68
		92 91
		66 72
		68 69
		102 101
		119 117
		43 42
		69 70
		70 69
		101 102
		104 101
		39 38
		110 107
		71 70
		102 103
		98 99
		70 71
		101 104
	edges
		0 1
		1 0
		1 2
		1 29
		2 1
		2 3
		2 4
		2 31
		3 2
		4 2
		4 5
		4 29
		4 8
		4 45
		4 53
		4 19
		5 4
		5 6
		5 11
		5 44
		5 35
		5 3
		6 5
		6 7
		6 8
		6 34
		7 6
		7 22
		7 13
		7 35
		7 52
		8 6
		8 9
		8 11
		8 47
		9 8
		9 10
		10 9
		11 8
		11 12
		11 7
		11 17
		11 36
		12 11
		12 13
		12 14
		13 12
		13 20
		13 5
		14 12
		14 15
		14 17
		15 14
		15 16
		16 15
		17 14
		17 18
		17 13
		17 22
		18 17
		18 19
		18 20
		18 8
		19 18
		20 18
		20 21
		20 22
		20 4
		21 20
		22 20
		22 23
		22 19
		23 22
		23 24
		24 23
		24 25
		24 7
		25 24
		25 26
		26 25
		26 27
		26 28
		27 26
		28 26
		29 4
		29 30
		29 31
		29 3
		29 1
		30 29
		31 29
		31 32
		31 5
		31 37
		32 31
		32 33
		32 35
		32 41
		33 32
		33 34
		33 2
		33 37
		33 7
		34 33
		35 32
		35 36
		35 37
		36 35
		36 39
		37 35
		37 38
		37 41
		37 33
		37 44
		37 6
		37 4
		38 37
		38 51
		38 7
		38 56
		39 40
		39 36
		40 39
		40 41
		40 55
		40 44
		41 40
		41 42
		41 37
		41 36
		42 41
		42 44
		44 42
		44 45
		44 40
		44 49
		45 44
		45 46
		45 47
		45 57
		46 45
		46 84
		47 45
		47 49
		48 47
		49 47
		49 50
		49 46
		49 55
		50 49
		50 51
		50 53
		50 67
		51 50
		51 52
		51 74
		51 55
		52 51
		53 50
		53 54
		53 55
		53 57
		55 53
		55 56
		55 51
		55 65
		55 49
		56 55
		56 57
		56 63
		56 62
		56 80
		57 56
		57 58
		57 82
		57 40
		57 84
		57 67
		58 57
		58 59
		58 62
		58 46
		59 58
		59 60
		59 65
		60 59
		61 62
		62 61
		62 58
		62 64
		63 56
		63 64
		63 65
		63 67
		65 63
		65 66
		65 57
		65 74
		65 47
		66 65
		66 67
		66 100
		67 66
		67 68
		67 88
		67 74
		67 46
		68 67
		72 73
		72 74
		72 76
		74 72
		74 75
		74 67
		74 82
		75 74
		75 76
		75 80
		75 79
		75 92
		76 75
		76 77
		76 100
		76 51
		76 102
		77 76
		77 78
		77 79
		78 77
		78 82
		80 75
		80 81
		80 82
		80 84
		80 45
		80 49
		81 80
		82 80
		82 83
		82 76
		82 88
		82 50
		82 97
		83 82
		84 83
		84 85
		84 98
		84 88
		84 57
		86 88
		88 86
		88 89
		88 84
		88 100
		88 67
		88 82
		89 88
		89 90
		89 98
		89 97
		90 89
		90 91
		90 102
		91 90
		91 92
		91 97
		91 76
		92 93
		92 100
		92 91
		92 65
		93 92
		97 82
		97 102
		97 89
		97 91
		100 101
		100 90
		100 76
		100 66
		100 57
		101 100
		104 88
5
	added
		50 52
		59 64
		48 36
		24 51
		36 16
		5 10
		22 26
		12 25
		32 12
		60 37
		27 34
		50 36
		59 48
		4 2
		24 35
		36 64
		59 11
		25 52
		8 11
		9 10
		12 27
		2 4
		5 21
		20 49
		10 20
		13 19
		24 19
		59 50
		7 12
		70 59
		20 15
		3 8
		36 50
		48 24
		23 13
		34 25
		37 30
		16 10
		13 23
		26 20
		4 11
		14 21
		50 8
		36 27
		13 7
		24 7
		25 15
		34 48
		2 13
		64 61
		10 35
		20 12
		50 65
		66 61
		21 38
		19 13
		62 48
		25 8
		28 34
		34 50
		62 66
		66 36
		19 49
		24 48
		10 3
		23 37
		7 59
		30 24
		19 24
		15 20
		34 70
		24 32
		52 48
		23 12
		13 50
		19 8
		10 5
		2 10
		25 21
		11 31
		12 5
		12 14
		6 28
		22 36
		11 24
		31 20
		12 16
		61 64
		21 28
		28 6
		34 22
		10 9
		11 8
		3 34
		14 34
		24 20
		7 13
		6 23
		44 41
		25 37
		61 66
		20 34
		48 59
		12 48
		20 6
		21 14
		50 59
		7 24
		20 36
		50 34
		35 24
	removed
		41 40
		58 56
		18 17
		67 68
		44 45
		40 41
		65 70
		41 42
		52 51
		14 15
		37 35
		35 37
		62 60
		55 54
		50 49
		46 45
		60 62
		49 50
		45 46
		55 56
		56 55
		51 52
		46 47
		57 56
		53 52
		30 29
		62 64
		25 24
		56 57
		52 53
		31 30
		27 26
		53 54
		54 53
		30 31
		31 32
		17 18
		27 28
		28 27
		54 55
		51 49
		60 61
		61 60
		23 21
		29 30
		70 65
		68 67
		62 63
		63 62
		69 68
		65 64
		68 69
		47 46
		56 58
		32 33
		33 32
		43 42
		69 70
		70 69
		65 66
		66 65
		37 38
		67 66
		43 44
		44 43
		39 40
		40 39
		49 51
		66 67
		45 44
	edges
		0 1
		1 0
		1 2
		1 3
		2 1
		2 4
		2 10
		2 13
		3 1
		3 4
		3 8
		3 34
		4 3
		4 5
		4 2
		4 11
		5 4
		5 6
		5 10
		5 21
		6 5
		6 7
		6 23
		6 28
		7 6
		7 8
		7 10
		7 13
		7 12
		7 59
		7 24
		8 7
		8 9
		8 11
		9 8
		9 10
		10 7
		10 11
		10 20
		10 5
		10 9
		10 3
		10 35
		11 10
		11 12
		11 13
		11 8
		11 24
		11 31
		12 11
		12 16
		12 25
		12 14
		12 5
		12 27
		12 48
		13 11
		13 14
		13 20
		13 7
		13 19
		13 23
		13 50
		14 13
		14 21
		14 34
		15 14
		15 16
		15 19
		15 20
		16 15
		16 17
		16 10
		17 16
		18 19
		19 18
		19 15
		19 13
		19 8
		19 24
		19 49
		20 13
		20 21
		20 12
		20 15
		20 6
		20 49
		20 36
		21 20
		21 22
		21 23
		21 14
		21 28
		21 38
		22 21
		22 36
		23 24
		23 34
		23 13
		23 37
		23 12
		23 21
		24 23
		24 25
		24 35
		24 19
		24 32
		24 48
		24 51
		24 7
		24 20
		25 26
		25 33
		25 37
		25 15
		25 52
		25 8
		26 25
		26 27
		26 20
		27 34
		27 26
		28 29
		28 33
		28 34
		28 6
		29 28
		30 24
		31 20
		32 31
		32 12
		33 25
		33 28
		34 23
		34 35
		34 22
		34 48
		34 25
		34 50
		34 70
		35 34
		35 36
		35 24
		36 35
		36 64
		36 27
		36 16
		37 48
		37 30
		38 37
		38 39
		39 38
		39 47
		42 41
		42 43
		42 47
		47 39
		47 42
		48 37
		48 49
		48 36
		48 59
		48 24
		49 48
		50 65
		50 34
		50 36
		50 52
		50 59
		50 8
		51 59
		59 51
		59 60
		59 50
		59 64
		59 11
		59 48
		60 59
		60 37
		61 64
		61 60
		62 48
		64 62
		64 65
		64 61
		66 61
		66 36
		70 59
6
	added
		30 46
		112 100
		19 0
		19 9
		30 9
		118 131
		60 83
		172 68
		55 59
		7 19
		60 174
		169 90
		81 169
		177 21
		29 43
		5 21
		38 55
		68 77
		172 61
		169 83
		25 36
		87 84
		46 43
		103 95
		65 56
		175 26
		109 90
		100 87
		79 174
		95 100
		36 41
		24 21
		82 90
		133 138
		65 49
		30 61
		28 9
		3 19
		172 56
		118 85
		58 46
		88 81
		169 78
		90 87
		63 70
		38 25
		90 169
		60 9
		25 177
		48 172
		68 65
		87 100
		30 38
		22 27
		90 82
		102 111
		36 175
		48 30
		41 46
		102 129
		177 22
		60 68
		92 82
		70 79
		19 24
		30 24
		28 36
		77 68
		132 102
		95 92
		68 172
		169 59
		93 85
		55 46
		2 19
		85 90
		100 109
		59 172
		77 70
		21 26
		87 81
		95 103
		65 71
		55 48
		56 65
		46 30
		80 68
		43 49
		87 92
		59 30
		81 60
		68 60
		48 57
		38 65
		92 109
		21 3
		38 19
		70 60
		9 175
		61 66
		19 5
		24 175
		36 30
		82 171
		100 97
		109 118
		85 96
		41 38
		90 95
		118 111
		25 48
		118 129
		46 55
		109 102
		63 68
	removed
		147 149
		164 165
		159 160
		170 169
		155 156
		166 165
		175 177
		137 138
		162 161
		144 143
		153 164
		158 163
		162 163
		141 140
		173 172
		144 145
		137 136
		140 141
		151 150
		136 137
		164 153
		147 146
		142 141
		169 170
		148 147
		151 152
		147 148
		143 144
		138 139
		175 176
		145 144
		167 168
		149 150
		160 159
		156 155
		165 167
		141 142
		152 151
		172 62
		146 147
		156 157
		175 27
		176 175
		172 174
		158 157
		154 153
		171 169
		150 149
		167 165
		169 171
		153 154
		177 175
		154 155
		163 158
		165 164
		163 155
		150 151
		161 160
		157 156
		174 172
		160 161
		139 138
		169 84
		165 166
		161 162
		157 158
		168 167
		163 162
		159 158
		153 151
		172 173
		155 154
		149 147
		155 163
		158 159
		151 153
	edges
		0 1
		1 0
		1 2
		1 3
		2 1
		2 19
		3 1
		3 4
		3 19
		4 3
		4 5
		4 7
		5 4
		5 6
		5 21
		6 5
		7 4
		7 8
		7 19
		8 7
		8 9
		8 10
		9 8
		9 175
		10 8
		10 11
		10 19
		11 10
		11 12
		12 11
		12 13
		12 18
		13 12
		13 14
		14 13
		14 15
		15 14
		15 16
		15 17
		16 15
		17 15
		17 18
		18 17
		18 12
		19 10
		19 20
		19 9
		19 24
		19 5
		19 0
		20 19
		20 21
		20 22
		21 20
		21 26
		21 3
		22 20
		22 23
		22 24
		22 27
		23 22
		24 22
		24 25
		24 21
		24 175
		25 24
		25 26
		25 27
		25 177
		25 36
		25 48
		26 25
		27 25
		27 28
		27 175
		28 27
		28 29
		28 36
		28 9
		29 28
		29 30
		29 31
		29 43
		30 29
		30 46
		30 9
		30 38
		30 24
		30 61
		31 29
		31 32
		31 36
		32 31
		32 33
		33 32
		33 34
		33 35
		34 33
		35 33
		36 31
		36 37
		36 30
		36 41
		36 175
		37 36
		37 38
		37 39
		38 37
		38 55
		38 25
		38 19
		38 65
		39 37
		39 40
		39 41
		40 39
		41 39
		41 42
		41 38
		41 46
		42 41
		42 43
		42 44
		43 42
		43 49
		44 42
		44 45
		44 46
		45 44
		46 44
		46 47
		46 43
		46 55
		46 30
		47 46
		47 48
		47 49
		48 47
		48 57
		48 30
		48 172
		49 47
		49 50
		49 55
		50 49
		50 51
		51 50
		51 52
		52 51
		52 53
		53 52
		53 54
		54 53
		55 49
		55 56
		55 48
		55 46
		55 59
		56 55
		56 57
		56 58
		56 65
		57 56
		58 56
		58 59
		58 46
		59 58
		59 60
		59 172
		59 30
		60 59
		60 61
		60 62
		60 174
		60 68
		60 9
		60 83
		61 60
		61 66
		62 60
		62 63
		62 172
		63 62
		63 64
		63 68
		63 70
		64 63
		64 65
		64 66
		65 64
		65 71
		65 56
		65 49
		66 64
		66 67
		66 68
		67 66
		68 66
		68 69
		68 65
		68 77
		68 172
		68 60
		69 68
		69 70
		69 71
		70 69
		70 79
		70 60
		71 69
		71 72
		71 77
		72 71
		72 73
		73 72
		73 74
		74 73
		74 75
		75 74
		75 76
		76 75
		77 71
		77 78
		77 70
		77 68
		78 77
		78 79
		78 80
		79 78
		79 174
		80 78
		80 81
		80 68
		81 80
		81 82
		81 169
		81 60
		82 81
		82 83
		82 84
		82 171
		82 90
		83 82
		84 82
		84 85
		84 169
		85 84
		85 86
		85 90
		85 96
		86 85
		86 87
		86 88
		87 86
		87 100
		87 92
		87 81
		87 84
		88 86
		88 89
		88 90
		88 81
		89 88
		90 88
		90 91
		90 87
		90 95
		90 169
		90 82
		91 90
		91 92
		91 93
		92 91
		92 109
		92 82
		93 91
		93 94
		93 95
		93 85
		94 93
		95 93
		95 96
		95 92
		95 100
		95 103
		96 95
		96 97
		96 98
		97 96
		98 96
		98 99
		98 100
		99 98
		100 98
		100 101
		100 97
		100 109
		100 87
		101 100
		101 102
		101 103
		102 101
		102 129
		102 111
		103 101
		103 104
		103 109
		103 95
		104 103
		104 105
		105 104
		105 106
		106 105
		106 107
		107 106
		107 108
		108 107
		109 103
		109 110
		109 102
		109 118
		109 90
		110 109
		110 111
		110 112
		111 110
		112 110
		112 113
		112 118
		112 100
		113 112
		113 114
		114 113
		114 115
		115 114
		115 116
		116 115
		116 117
		117 116
		118 112
		118 119
		118 111
		118 129
		118 85
		118 131
		119 118
		119 120
		119 121
		120 119
		121 119
		121 122
		121 129
		122 121
		122 123
		123 122
		123 124
		123 128
		124 123
		124 125
		125 124
		125 126
		126 125
		126 127
		127 126
		127 128
		128 127
		128 123
		129 121
		129 130
		130 129
		130 131
		130 132
		131 130
		132 130
		132 133
		132 140
		132 102
		133 132
		133 134
		133 138
		134 133
		134 135
		134 139
		135 134
		135 136
		136 135
		138 137
		139 134
		139 138
		140 132
		141 143
		143 141
		143 146
		146 143
		169 78
		169 90
		169 59
		172 56
		172 68
		175 27
		177 21
7
	added
		114 24
		14 120
		42 48
		119 14
		54 77
		19 119
		1 122
		60 83
		31 111
		23 116
		42 32
		24 26
		113 28
		99 93
		28 115
		17 5
		85 75
		102 91
		22 37
		84 107
		75 83
		4 114
		108 52
		19 114
		5 14
		46 52
		48 113
		114 113
		18 115
		120 117
		16 8
		24 21
		115 20
		117 5
		52 46
		5 117
		114 33
		4 18
		75 69
		23 31
		37 30
		40 111
		18 117
		33 26
		7 16
		108 47
		3 122
		58 67
		31 28
		31 37
		114 117
		1 124
		77 107
		108 31
		54 60
		50 108
		83 105
		114 19
		38 27
		14 5
		46 40
		19 120
		3 14
		83 77
		116 28
		47 38
		69 105
		28 34
		117 20
		14 7
		46 42
		115 29
		26 36
		40 108
		105 85
		16 7
		55 108
		93 101
		22 114
		111 52
		40 28
		20 25
		49 40
		40 37
		77 86
		50 32
		117 15
		67 60
		43 38
		60 54
		26 31
		51 60
		26 40
		121 3
		107 77
		202 3
		91 99
		37 43
		99 91
		28 113
		32 40
		40 32
		32 113
		31 114
		28 42
		185 181
		67 55
		51 110
		24 120
		111 33
		40 46
		2 7
		53 67
		35 40
		67 75
		122 1
		37 113
	removed
		159 160
		178 173
		155 156
		166 165
		197 198
		175 177
		192 193
		203 202
		162 161
		188 189
		167 166
		199 198
		202 123
		166 167
		194 192
		195 196
		174 173
		183 185
		201 200
		173 174
		179 178
		195 189
		197 195
		175 174
		171 170
		202 203
		188 186
		153 152
		186 188
		175 176
		182 181
		173 178
		167 168
		160 159
		189 195
		200 201
		156 155
		182 183
		178 179
		189 188
		184 183
		198 200
		174 175
		176 175
		195 197
		158 157
		189 190
		154 153
		191 190
		186 187
		153 154
		187 186
		204 202
		183 182
		200 198
		193 192
		192 194
		177 175
		154 155
		202 204
		191 192
		198 197
		165 166
		190 189
		181 186
		161 162
		198 199
		157 158
		168 167
		185 183
		180 178
		190 191
		169 168
		178 180
		196 195
		155 154
		192 191
		168 169
	edges
		0 1
		1 0
		1 2
		1 124
		1 122
		2 1
		2 3
		2 7
		3 2
		3 4
		3 122
		3 14
		4 3
		4 5
		4 120
		4 18
		4 114
		5 4
		5 6
		5 14
		5 117
		6 5
		6 7
		6 8
		7 6
		7 16
		8 6
		8 9
		8 14
		9 8
		9 10
		10 9
		10 11
		11 10
		11 12
		12 11
		12 13
		13 12
		14 8
		14 15
		14 7
		14 120
		14 5
		15 14
		15 16
		15 17
		16 15
		16 7
		16 8
		17 15
		17 18
		17 5
		18 17
		18 19
		18 117
		18 115
		19 18
		19 20
		19 21
		19 119
		19 114
		19 120
		20 19
		20 25
		21 19
		21 22
		21 117
		22 21
		22 23
		22 114
		22 37
		23 22
		23 24
		23 25
		23 116
		23 31
		24 23
		24 120
		24 21
		24 26
		25 23
		25 26
		25 114
		26 25
		26 27
		26 31
		26 40
		26 36
		27 26
		27 28
		27 29
		28 27
		28 113
		28 34
		28 115
		28 42
		29 27
		29 30
		29 31
		30 29
		31 29
		31 32
		31 28
		31 111
		31 114
		31 37
		32 31
		32 33
		32 34
		32 113
		32 40
		33 32
		33 26
		34 32
		34 35
		34 111
		35 34
		35 36
		35 40
		36 35
		36 37
		36 38
		37 36
		37 43
		37 113
		37 30
		38 36
		38 39
		38 40
		38 27
		39 38
		40 38
		40 41
		40 37
		40 46
		40 111
		40 28
		40 32
		40 108
		41 40
		41 42
		41 43
		42 41
		42 48
		42 32
		43 41
		43 44
		43 46
		43 38
		44 43
		44 45
		45 44
		46 43
		46 47
		46 42
		46 40
		46 52
		47 46
		47 48
		47 49
		47 38
		48 47
		48 113
		49 47
		49 50
		49 40
		50 49
		50 51
		50 108
		50 32
		51 50
		51 52
		51 53
		51 110
		51 60
		52 51
		52 46
		53 51
		53 54
		53 108
		53 67
		54 53
		54 55
		54 60
		54 77
		55 54
		55 56
		55 57
		55 108
		56 55
		57 55
		57 58
		58 57
		58 59
		58 67
		59 58
		59 60
		59 61
		60 59
		60 83
		60 54
		61 59
		61 62
		61 67
		62 61
		62 63
		63 62
		63 64
		64 63
		64 65
		65 64
		65 66
		66 65
		67 61
		67 68
		67 60
		67 75
		67 55
		68 67
		68 69
		68 70
		69 68
		69 105
		70 68
		70 71
		70 75
		71 70
		71 72
		72 71
		72 73
		72 74
		73 72
		74 72
		75 70
		75 76
		75 69
		75 83
		76 75
		76 77
		76 78
		77 76
		77 107
		77 86
		78 76
		78 79
		78 83
		79 78
		79 80
		80 79
		80 81
		80 82
		81 80
		82 80
		83 78
		83 84
		83 77
		83 105
		84 83
		84 85
		84 86
		84 107
		85 84
		85 75
		86 84
		86 87
		86 105
		87 86
		87 88
		88 87
		88 89
		88 90
		89 88
		90 88
		90 91
		91 90
		91 92
		91 99
		92 91
		92 93
		92 94
		93 92
		93 101
		94 92
		94 95
		94 99
		95 94
		95 96
		96 95
		96 97
		96 98
		97 96
		98 96
		99 94
		99 100
		99 93
		99 91
		100 99
		100 101
		100 102
		101 100
		102 100
		102 103
		102 104
		102 91
		103 102
		104 102
		105 86
		105 106
		105 107
		105 85
		106 105
		107 105
		107 77
		108 53
		108 109
		108 110
		108 52
		108 47
		108 31
		109 108
		110 108
		111 34
		111 112
		111 113
		111 33
		111 52
		112 111
		113 111
		113 28
		114 25
		114 115
		114 116
		114 24
		114 117
		114 113
		114 19
		114 33
		115 114
		115 20
		115 29
		116 114
		116 28
		117 21
		117 118
		117 119
		117 20
		117 15
		117 5
		118 117
		119 117
		119 14
		120 4
		120 121
		120 122
		120 117
		121 120
		121 3
		122 120
		122 123
		122 1
		123 122
		123 124
		123 202
		124 123
		124 125
		124 126
		125 124
		126 124
		126 127
		127 126
		127 128
		127 129
		128 127
		129 127
		129 130
		129 131
		130 129
		131 129
		131 132
		132 131
		132 133
		132 137
		133 132
		133 134
		134 133
		134 135
		134 136
		135 134
		136 134
		137 132
		137 138
		137 139
		138 137
		139 137
		139 140
		140 139
		140 141
		140 146
		141 140
		141 142
		142 141
		142 143
		143 142
		143 144
		143 145
		144 143
		145 143
		146 140
		146 147
		146 148
		147 146
		148 146
		148 149
		149 148
		149 150
		149 157
		150 149
		150 151
		151 150
		151 152
		151 156
		152 151
		152 153
		156 151
		157 149
		157 159
		159 157
		160 161
		161 160
		161 163
		163 161
		163 164
		164 163
		164 165
		164 170
		165 164
		170 164
		170 171
		170 172
		172 170
		172 173
		173 172
		180 181
		181 180
		181 182
		183 184
		184 183
		186 181
		202 3
8
	added
		16 20
		79 88
		13 33
		52 49
		20 29
		49 53
		46 66
		184 52
		92 97
		183 71
		33 29
		53 62
		79 90
		181 55
		159 153
		191 20
		66 71
		13 193
		13 19
		29 189
		41 35
		81 71
		7 12
		71 79
		66 46
		8 4
		5 14
		46 52
		1 10
		52 46
		94 73
		88 81
		16 193
		29 22
		156 160
		19 191
		97 92
		68 56
		89 97
		62 55
		33 28
		62 183
		56 66
		156 153
		14 5
		103 92
		29 33
		65 181
		66 61
		97 94
		10 1
		32 187
		46 186
		19 13
		32 13
		79 73
		19 31
		62 66
		47 56
		68 88
		56 68
		38 29
		76 183
		69 80
		10 3
		33 5
		153 159
		33 23
		20 16
		4 8
		66 56
		97 89
		23 30
		33 7
		53 49
		37 41
		46 74
		12 5
		23 14
		66 49
		191 19
		34 38
		2 12
		64 60
		29 14
		72 76
		7 20
		81 88
		181 65
		34 22
		41 189
		22 29
		62 47
		71 68
		193 2
		20 13
		55 62
		33 41
		61 57
		189 41
		73 86
		47 76
		53 46
		23 39
		49 186
		94 99
		55 64
		97 79
		71 91
		61 68
		52 184
		30 25
		75 79
		66 76
		160 156
	removed
		187 30
		163 164
		188 187
		164 165
		159 160
		170 169
		155 156
		166 165
		183 181
		175 177
		168 171
		178 148
		162 161
		181 183
		173 172
		161 152
		186 184
		171 168
		159 157
		179 178
		169 170
		184 186
		193 191
		191 17
		175 176
		171 172
		181 182
		182 181
		164 175
		191 193
		167 168
		187 189
		149 150
		160 159
		145 146
		146 145
		163 161
		156 155
		165 167
		161 163
		178 179
		185 184
		156 157
		176 175
		175 164
		172 174
		189 190
		158 157
		181 63
		150 149
		167 165
		177 175
		154 155
		165 164
		191 192
		187 188
		174 172
		151 149
		165 166
		190 189
		161 162
		172 171
		157 158
		168 167
		184 185
		180 178
		164 163
		169 168
		178 180
		152 161
		172 173
		155 154
		184 50
		192 191
		168 169
	edges
		0 1
		1 0
		1 2
		1 10
		2 1
		2 3
		2 4
		2 12
		3 2
		4 2
		4 5
		4 10
		4 8
		5 4
		5 6
		5 14
		6 5
		6 7
		6 8
		7 6
		7 12
		7 20
		8 6
		8 9
		8 4
		9 8
		10 4
		10 11
		10 12
		10 3
		10 1
		11 10
		12 10
		12 13
		12 5
		13 12
		13 14
		13 193
		13 33
		13 19
		14 13
		14 15
		14 16
		14 5
		15 14
		16 14
		16 17
		16 20
		16 193
		17 16
		17 18
		17 191
		18 17
		18 19
		18 20
		19 18
		19 191
		19 31
		19 13
		20 18
		20 21
		20 29
		20 13
		20 16
		21 20
		21 22
		21 27
		22 21
		22 23
		22 29
		23 22
		23 24
		23 30
		23 39
		23 14
		24 23
		24 25
		25 24
		25 26
		26 25
		27 21
		27 28
		27 29
		28 27
		29 27
		29 30
		29 22
		29 33
		29 189
		29 14
		30 29
		30 31
		30 187
		30 25
		31 30
		31 32
		31 33
		32 31
		32 187
		32 13
		33 31
		33 34
		33 41
		33 28
		33 23
		33 5
		33 29
		33 7
		34 33
		34 35
		34 39
		34 38
		34 22
		35 34
		35 36
		36 35
		36 37
		36 38
		37 36
		37 41
		38 36
		38 29
		39 34
		39 40
		39 41
		40 39
		41 39
		41 42
		41 35
		41 189
		42 41
		42 43
		43 42
		43 44
		43 45
		44 43
		45 43
		45 46
		46 45
		46 47
		46 186
		46 66
		46 52
		46 74
		47 46
		47 48
		47 49
		47 56
		47 76
		48 47
		49 47
		49 50
		49 53
		49 186
		50 49
		50 51
		50 184
		51 50
		51 52
		51 53
		52 51
		52 184
		52 46
		52 49
		53 51
		53 54
		53 62
		53 46
		53 49
		54 53
		54 55
		54 60
		55 54
		55 56
		55 62
		55 64
		56 55
		56 57
		56 68
		56 66
		57 56
		57 58
		58 57
		58 59
		59 58
		60 54
		60 61
		60 62
		61 60
		61 68
		61 57
		62 60
		62 63
		62 55
		62 66
		62 183
		62 47
		63 62
		63 64
		63 181
		64 63
		64 65
		64 66
		64 60
		65 64
		65 181
		66 64
		66 67
		66 71
		66 61
		66 56
		66 76
		66 49
		66 46
		67 66
		67 68
		67 69
		68 67
		68 88
		68 56
		69 67
		69 70
		69 71
		69 80
		70 69
		71 69
		71 72
		71 68
		71 79
		71 91
		72 71
		72 73
		72 77
		72 76
		73 72
		73 74
		73 86
		74 73
		74 75
		74 76
		75 74
		75 79
		76 74
		76 183
		77 72
		77 78
		77 79
		78 77
		79 77
		79 80
		79 73
		79 88
		79 90
		80 79
		80 81
		80 86
		81 80
		81 82
		81 88
		81 71
		82 81
		82 83
		83 82
		83 84
		84 83
		84 85
		85 84
		86 80
		86 87
		86 88
		87 86
		88 86
		88 89
		88 81
		89 88
		89 90
		89 97
		90 89
		90 91
		90 92
		91 90
		92 90
		92 93
		92 97
		93 92
		93 94
		93 95
		94 93
		94 99
		94 73
		95 93
		95 96
		95 97
		96 95
		97 95
		97 98
		97 94
		97 79
		97 89
		97 92
		98 97
		98 99
		98 103
		99 98
		99 100
		100 99
		100 101
		100 102
		101 100
		102 100
		103 98
		103 104
		103 105
		103 92
		104 103
		105 103
		105 106
		106 105
		106 107
		106 112
		107 106
		107 108
		108 107
		108 109
		109 108
		109 110
		110 109
		110 111
		111 110
		112 106
		112 113
		112 114
		113 112
		114 112
		114 115
		115 114
		115 116
		115 121
		116 115
		116 117
		117 116
		117 118
		118 117
		118 119
		118 120
		119 118
		120 118
		121 115
		121 122
		121 123
		122 121
		123 121
		123 124
		124 123
		124 125
		124 129
		125 124
		125 126
		126 125
		126 127
		126 128
		127 126
		128 126
		129 124
		129 130
		129 131
		130 129
		131 129
		131 132
		132 131
		132 133
		132 134
		133 132
		134 132
		134 135
		134 136
		135 134
		136 134
		136 137
		137 136
		137 138
		137 145
		138 137
		138 139
		139 138
		139 140
		139 144
		140 139
		140 141
		141 140
		141 142
		142 141
		142 143
		143 142
		143 144
		144 143
		144 139
		145 137
		145 147
		147 145
		147 148
		148 147
		148 149
		148 178
		149 148
		149 151
		151 152
		152 151
		152 153
		153 152
		153 154
		153 159
		154 153
		154 160
		156 160
		156 153
		157 156
		157 159
		159 153
		160 154
		181 55
		183 71
		184 52
		187 30
		189 187
		189 41
		191 20
		193 2
9
	added
		23 4
		29 32
		5 10
		0 5
		8 18
		4 30
		6 2
		18 10
		24 26
		2 32
		27 6
		11 7
		17 23
		4 23
		1 8
		26 7
		7 3
		25 27
		3 8
		19 4
		22 30
		4 25
		8 25
		7 5
		24 21
		21 4
		22 5
		6 27
		20 26
		22 23
		23 22
		11 2
		22 32
		25 4
		30 27
		19 27
		18 7
		25 22
		5 0
		17 11
		31 28
		21 27
		9 7
		26 4
		32 20
		16 12
		7 9
		10 26
		19 29
		22 18
		23 17
		21 29
		24 9
		2 6
		10 19
		7 11
		10 28
		20 32
		7 32
		24 11
		6 17
		21 24
		4 26
		19 8
		27 21
		27 30
		10 23
		2 28
		32 29
		29 21
		20 18
		26 31
		18 27
		8 1
		4 28
		19 10
		24 6
		0 6
		5 20
		8 19
		26 24
		23 7
		18 20
		12 16
		17 6
		8 3
		27 25
		10 18
		9 20
		11 17
		8 5
		27 18
		17 26
		32 8
		9 22
		26 10
		23 2
		29 18
		18 24
		5 8
		19 7
		28 10
		5 17
		25 2
		6 0
		21 7
	removed
		18 17
		14 13
		9 17
		15 14
		14 15
		9 10
		6 4
		26 25
		22 21
		23 20
		13 12
		12 13
		13 14
		19 20
		30 29
		24 25
		20 21
		21 20
		31 30
		27 26
		30 31
		16 14
		25 26
		21 22
		14 16
		31 32
		1 0
		17 18
		27 28
		29 28
		1 2
		2 1
		19 17
		28 29
		3 2
		29 30
		2 3
		32 31
		3 4
		4 5
		0 1
		11 10
		6 7
		7 6
		12 11
		17 19
		11 12
	edges
		0 5
		1 8
		2 32
		2 28
		2 1
		3 8
		4 3
		4 6
		4 23
		4 25
		4 26
		4 28
		4 30
		5 4
		5 10
		5 20
		5 0
		5 8
		6 8
		6 17
		6 27
		7 32
		7 11
		7 5
		8 6
		8 9
		8 5
		8 19
		8 1
		8 18
		8 25
		8 3
		9 8
		9 7
		9 22
		9 20
		10 9
		10 11
		10 18
		10 19
		10 26
		10 23
		10 28
		11 2
		17 9
		17 6
		17 23
		17 26
		17 18
		18 27
		18 24
		18 10
		18 7
		19 27
		19 29
		19 17
		20 19
		20 23
		20 26
		21 24
		21 27
		21 29
		21 4
		21 7
		22 5
		22 18
		22 30
		23 24
		23 4
		23 7
		24 23
		24 32
		24 11
		24 26
		24 9
		24 6
		24 21
		25 24
		25 27
		25 4
		25 2
		26 27
		26 24
		26 31
		26 7
		26 10
		26 4
		27 32
		27 21
		27 25
		27 18
		27 26
		27 6
		28 27
		28 10
		29 18
		30 27
		31 28
		32 24
		32 27
		32 8
10
	added
		68 91
		137 145
		3 120
		141 145
		44 54
		17 12
		66 60
		148 141
		7 1
		26 14
		99 93
		135 3
		27 6
		113 110
		32 5
		11 16
		122 133
		1 8
		16 6
		62 67
		24 28
		54 17
		34 14
		66 55
		110 88
		74 68
		54 44
		29 54
		28 46
		150 145
		5 117
		11 2
		9 14
		35 60
		86 44
		61 88
		117 7
		120 3
		93 113
		14 3
		99 108
		88 108
		54 30
		155 137
		46 56
		116 108
		133 124
		76 99
		108 113
		86 76
		153 145
		5 11
		3 133
		14 23
		68 58
		14 32
		25 17
		117 2
		74 86
		110 115
		14 117
		147 152
		139 148
		3 16
		60 86
		47 31
		54 46
		145 139
		66 29
		24 32
		57 44
		150 147
		91 88
		32 29
		108 101
		145 150
		60 54
		24 34
		23 14
		58 66
		14 11
		86 91
		67 23
		76 62
		2 122
		47 35
		27 32
		34 47
		91 99
		2 131
		56 47
		29 23
		23 16
		55 69
		24 45
		44 66
		87 101
		11 17
		117 120
		32 24
		6 14
		6 133
		16 25
		132 117
		101 111
		44 68
		2 117
		131 2
		25 119
		101 74
		66 74
		86 61
		44 34
		32 44
		1 120
		3 29
		6 119
		120 1
	removed
		163 164
		164 165
		150 148
		159 160
		170 169
		187 185
		166 165
		185 187
		162 161
		188 189
		144 143
		170 171
		177 176
		162 163
		141 140
		173 172
		190 188
		177 178
		156 167
		169 170
		175 174
		193 191
		171 170
		181 180
		180 182
		143 144
		175 176
		180 175
		191 193
		167 168
		178 177
		172 170
		160 159
		188 190
		182 183
		169 167
		189 188
		184 183
		174 175
		185 184
		188 183
		146 147
		176 175
		186 185
		172 174
		148 149
		154 153
		185 186
		180 181
		191 190
		167 156
		176 177
		183 182
		165 164
		182 180
		191 192
		170 172
		174 172
		183 184
		193 194
		175 180
		194 193
		165 166
		143 138
		142 140
		167 169
		161 162
		179 177
		140 142
		168 167
		184 185
		177 179
		163 162
		164 163
		190 191
		172 173
		192 191
		183 188
	edges
		0 1
		1 0
		1 2
		1 120
		1 8
		2 1
		2 3
		2 4
		2 122
		2 117
		2 131
		3 2
		3 133
		3 29
		3 120
		3 16
		4 2
		4 5
		4 120
		5 4
		5 6
		5 117
		5 11
		6 5
		6 7
		6 8
		6 119
		6 14
		6 133
		7 6
		7 1
		8 6
		8 9
		8 117
		9 8
		9 10
		9 14
		10 9
		10 11
		10 12
		11 10
		11 17
		11 2
		11 16
		12 10
		12 13
		12 14
		13 12
		14 12
		14 15
		14 11
		14 23
		14 117
		14 3
		14 32
		15 14
		15 16
		15 17
		16 15
		16 25
		16 6
		17 15
		17 18
		17 23
		17 12
		18 17
		18 19
		19 18
		19 20
		20 19
		20 21
		21 20
		21 22
		22 21
		23 17
		23 24
		23 16
		23 14
		24 23
		24 25
		24 26
		24 28
		24 45
		24 34
		24 32
		25 24
		25 17
		25 119
		26 24
		26 27
		26 14
		27 26
		27 28
		27 32
		27 6
		28 27
		28 29
		28 30
		28 46
		29 28
		29 54
		29 23
		30 28
		30 31
		30 32
		31 30
		32 30
		32 33
		32 29
		32 44
		32 24
		32 5
		33 32
		33 34
		33 35
		34 33
		34 47
		34 14
		35 33
		35 36
		35 44
		35 60
		36 35
		36 37
		37 36
		37 38
		37 43
		38 37
		38 39
		39 38
		39 40
		40 39
		40 41
		40 42
		41 40
		42 40
		42 43
		43 42
		43 37
		44 35
		44 45
		44 34
		44 54
		44 66
		44 68
		45 44
		45 46
		45 47
		46 45
		46 56
		47 45
		47 48
		47 54
		47 35
		47 31
		48 47
		48 49
		49 48
		49 50
		49 53
		50 49
		50 51
		51 50
		51 52
		52 51
		52 53
		53 52
		53 49
		54 47
		54 55
		54 46
		54 44
		54 30
		54 17
		55 54
		55 56
		55 57
		55 69
		56 55
		56 47
		57 55
		57 58
		57 44
		58 57
		58 59
		58 66
		59 58
		59 60
		59 61
		60 59
		60 86
		60 54
		61 59
		61 62
		61 66
		61 88
		62 61
		62 63
		62 67
		63 62
		63 64
		64 63
		64 65
		65 64
		66 61
		66 67
		66 60
		66 74
		66 55
		66 29
		67 66
		67 68
		67 69
		67 23
		68 67
		68 91
		68 58
		69 67
		69 70
		69 74
		70 69
		70 71
		71 70
		71 72
		71 73
		72 71
		73 71
		74 69
		74 75
		74 68
		74 86
		75 74
		75 76
		75 77
		76 75
		76 99
		76 62
		77 75
		77 78
		77 86
		78 77
		78 79
		79 78
		79 80
		79 85
		80 79
		80 81
		81 80
		81 82
		82 81
		82 83
		82 84
		83 82
		84 82
		84 85
		85 84
		85 79
		86 77
		86 87
		86 76
		86 91
		86 61
		86 44
		87 86
		87 88
		87 89
		87 101
		88 87
		88 108
		89 87
		89 90
		89 91
		90 89
		91 89
		91 92
		91 88
		91 99
		92 91
		92 93
		92 94
		93 92
		93 113
		94 92
		94 95
		94 99
		95 94
		95 96
		96 95
		96 97
		96 98
		97 96
		98 96
		99 94
		99 100
		99 93
		99 108
		100 99
		100 101
		100 102
		101 100
		101 111
		101 74
		102 100
		102 103
		102 108
		103 102
		103 104
		104 103
		104 105
		105 104
		105 106
		106 105
		106 107
		107 106
		108 102
		108 109
		108 101
		108 113
		109 108
		109 110
		109 111
		110 109
		110 115
		110 88
		111 109
		111 112
		111 113
		112 111
		113 111
		113 114
		113 110
		114 113
		114 115
		114 116
		115 114
		116 114
		116 108
		117 8
		117 118
		117 119
		117 7
		117 120
		117 2
		118 117
		119 117
		120 4
		120 121
		120 122
		120 3
		120 1
		121 120
		122 120
		122 123
		122 133
		123 122
		123 124
		123 131
		124 123
		124 125
		125 124
		125 126
		125 130
		126 125
		126 127
		127 126
		127 128
		128 127
		128 129
		129 128
		129 130
		130 129
		130 125
		131 123
		131 132
		131 133
		131 2
		132 131
		132 117
		133 131
		133 134
		133 124
		134 133
		134 135
		135 134
		135 136
		135 137
		135 3
		136 135
		137 135
		137 138
		137 145
		138 137
		138 139
		138 143
		139 138
		139 140
		139 148
		140 139
		140 141
		141 145
		143 145
		145 143
		145 146
		145 139
		145 150
		146 145
		146 148
		147 146
		148 146
		148 150
		148 141
		149 148
		150 151
		150 145
		151 150
		151 152
		151 153
		152 151
		153 151
		153 154
		153 155
		153 145
		155 153
		155 156
		155 137
		156 155
		156 157
		157 156
		157 158
		158 157
		158 159
		158 166
		159 158
		160 161
		161 160
		161 166
		166 158
		166 161
