num_iters=10
0
	added
		2 6
		2 10
		5 9
		7 10
		0 10
		1 7
		1 11
		6 11
		0 12
		2 12
		11 16
		1 14
		8 14
		0 16
		7 12
		7 16
		3 11
		3 14
		5 11
		5 14
		2 16
		5 7
		1 16
		2 15
		2 8
		0 3
		0 8
		1 15
		1 10
		0 6
		4 8
		5 13
		3 13
		5 7
	removed
		15 14
		16 14
		11 10
		14 12
		12 11
		12 13
		10 9
		13 8
		9 3
		13 12
		7 6
		8 9
		9 10
		4 5
		6 4
		10 11
		5 7
		8 7
		5 9
		5 11
1
	added
		1 8
		8 3
		2 10
		10 6
		9 4
		2 11
		2 12
		8 5
		1 4
		1 11
		1 12
		0 5
		1 6
		7 11
		3 11
		2 5
		1 9
		2 9
		3 12
		3 9
		6 10
		7 12
		4 11
		7 6
		6 9
		5 2
		3 0
		0 11
		5 9
		4 12
		4 1
		4 9
		4 5
		2 3
	removed
		11 10
		12 10
		9 0
		10 8
		8 7
		10 6
		9 4
		0 1
		9 8
		1 2
		8 3
		8 5
		7 6
		8 10
		4 5
		6 5
		7 6
		2 3
		6 9
		7 8
2
	added
		1 8
		4 7
		2 10
		10 4
		7 12
		2 11
		2 12
		10 6
		9 6
		1 11
		8 5
		0 7
		0 5
		1 6
		5 12
		1 4
		0 10
		0 12
		1 12
		9 12
		4 12
		3 11
		2 5
		0 11
		1 2
		7 6
		9 12
		3 12
		4 11
		3 6
		1 9
		4 10
		2 9
		5 11
	removed
		11 10
		12 10
		9 0
		10 8
		8 3
		8 9
		7 6
		10 6
		5 6
		9 6
		10 4
		0 1
		9 12
		1 2
		7 2
		9 8
		8 5
		9 12
		7 6
		8 10
3
	added
		9 12
		6 15
		3 16
		16 11
		4 14
		8 13
		2 18
		3 17
		9 14
		8 17
		7 14
		7 16
		6 13
		5 13
		10 3
		16 9
		0 16
		10 13
		8 11
		9 2
		1 17
		16 3
		8 3
		1 18
		5 9
		0 17
		4 15
		7 17
		9 6
		0 8
		9 4
		0 6
		1 11
		4 12
		7 12
		13 6
		2 6
		0 18
		0 15
		3 13
	removed
		17 16
		18 16
		15 10
		16 13
		10 11
		14 15
		12 13
		13 14
		10 9
		11 10
		10 15
		15 14
		11 12
		3 12
		9 8
		9 10
		10 3
		10 13
		4 5
		12 3
4
	added
		1 7
		4 10
		2 9
		9 4
		1 4
		0 8
		1 10
		1 8
		0 9
		3 10
		4 8
		0 7
		2 7
		3 8
		5 8
		1 9
		0 6
		5 7
		2 5
		2 8
		5 8
		5 9
		1 6
		0 10
		3 9
		2 6
		5 8
		5 9
		5 10
		3 6
		5 7
		5 6
		5 9
		5 10
	removed
		9 7
		10 2
		7 8
		8 7
		7 3
		7 9
		6 5
		9 4
		5 8
		4 3
		4 5
		5 4
		5 8
		5 9
		5 6
		5 7
		5 9
		5 10
		5 7
		5 6
5
	added
		1 25
		1 8
		4 7
		2 27
		0 26
		1 27
		1 26
		4 26
		5 24
		4 9
		7 12
		3 10
		2 11
		3 12
		3 26
		4 13
		5 0
		4 22
		4 24
		5 8
		4 27
		6 1
		10 21
		2 21
		3 27
		4 19
		7 17
		2 16
		1 21
		3 19
		4 16
		0 25
		2 25
		3 21
		5 18
		2 17
		2 18
		1 18
	removed
		26 25
		27 25
		24 22
		25 3
		22 23
		23 22
		22 5
		22 24
		21 19
		25 26
		19 20
		20 19
		19 10
		19 21
		18 16
		25 27
		16 17
		17 16
		15 14
		16 12
6
	added
		0 7
		2 15
		7 2
		1 9
		1 10
		8 15
		0 15
		2 7
		1 15
		7 15
		11 14
		12 14
		1 2
		6 11
		5 14
		6 14
		3 15
		2 5
		1 2
		6 3
		2 14
		1 14
		7 4
		6 15
		0 14
		0 3
		1 4
		7 14
		9 5
		10 14
		4 14
		11 15
		1 8
		3 14
		9 14
		9 15
	removed
		14 15
		15 14
		14 13
		15 10
		13 12
		1 2
		11 12
		12 11
		1 2
		2 1
		13 14
		3 2
		12 14
		5 6
		12 13
		8 7
		11 10
		3 10
		11 14
		11 15
7
	added
		14 19
		19 16
		2 4
		4 2
		13 16
		15 18
		17 11
		19 12
		15 10
		14 7
		14 18
		14 11
		15 12
		15 16
		15 8
		19 17
		13 17
		16 9
		19 10
		15 6
		12 15
		13 4
		12 9
		13 10
		12 5
		8 5
		12 17
		14 11
		14 2
		14 8
		11 6
		15 1
		12 18
		16 7
		10 9
		12 3
		7 18
		13 9
		7 17
	removed
		18 17
		19 17
		17 15
		17 19
		15 16
		17 18
		19 16
		19 12
		16 11
		19 17
		15 16
		17 11
		14 11
		15 12
		14 15
		14 19
		14 11
		19 10
		15 6
		9 8
8
	added
		0 11
		11 7
		1 9
		0 6
		1 7
		2 10
		1 10
		1 11
		1 5
		3 10
		0 10
		2 11
		2 4
		4 10
		0 9
		3 11
		6 10
		5 10
		2 9
		2 5
		2 4
		6 11
		1 8
		3 9
		5 11
		7 10
		2 8
		2 5
		6 9
		4 11
		0 7
		3 8
		2 7
		6 8
		6 4
	removed
		10 9
		11 9
		11 7
		8 0
		8 9
		9 8
		9 10
		9 11
		2 4
		4 3
		7 8
		8 7
		5 6
		2 5
		7 6
		7 10
		0 6
		3 2
		6 9
		6 2
9
	added
		11 16
		16 13
		2 5
		3 6
		10 13
		12 15
		14 8
		1 7
		12 7
		11 15
		11 8
		0 8
		1 9
		12 9
		12 13
		13 5
		2 10
		14 12
		10 16
		13 8
		1 16
		14 5
		14 4
		11 4
		11 5
		0 5
		0 16
		2 8
		2 16
		3 11
		10 15
		12 3
		10 4
		12 6
		3 13
		12 9
		11 1
		12 7
	removed
		15 14
		16 14
		14 12
		14 16
		12 13
		14 15
		13 8
		16 13
		14 8
		13 12
		13 8
		14 12
		12 15
		0 1
		12 9
		12 13
		12 7
		4 3
		11 12
		10 4
10
	added
		2 6
		2 10
		5 9
		6 13
		1 13
		0 10
		2 12
		1 11
		6 16
		7 12
		4 12
		0 12
		3 11
		6 11
		5 11
		0 13
		4 10
		1 12
		3 12
		0 3
		2 13
		2 16
		8 15
		1 9
		0 11
		1 16
		0 8
		2 11
		6 12
		10 15
		1 7
		0 15
		1 4
		1 15
		6 15
		3 13
		0 6
	removed
		15 14
		16 14
		13 8
		14 7
		12 13
		13 12
		11 12
		12 11
		4 3
		4 5
		10 11
		11 10
		9 10
		5 0
		7 14
		8 9
		14 15
		14 16
		8 7
		0 1
11
	added
		1 8
		4 15
		4 19
		7 17
		2 19
		3 14
		3 19
		5 18
		2 13
		4 18
		6 18
		11 16
		5 14
		10 13
		10 16
		4 13
		9 12
		3 12
		6 13
		7 14
		2 16
		0 16
		5 8
		5 12
		1 12
		4 16
		6 16
		1 16
		3 15
		0 7
		0 3
		3 16
	removed
		18 17
		19 17
		16 12
		17 5
		12 11
		15 6
		11 10
		14 15
		11 16
		13 14
		11 12
		12 13
		15 14
		13 8
		10 9
		10 13
		8 9
		2 1
		9 0
		9 12
12
	added
		8 15
		8 21
		11 19
		9 12
		8 13
		6 21
		7 14
		7 21
		12 20
		6 16
		10 20
		14 18
		4 18
		9 20
		3 20
		3 18
		9 10
		15 8
		11 20
		14 11
		8 3
		11 21
		8 13
		15 19
		15 2
		16 19
		2 20
		3 14
		6 19
		8 19
		14 1
		9 14
		16 0
		8 1
		4 20
		8 11
		9 0
	removed
		20 19
		21 19
		18 16
		19 9
		16 17
		17 16
		9 10
		9 19
		8 13
		10 15
		11 10
		19 20
		19 21
		13 12
		12 20
		14 13
		10 9
		14 15
		15 19
		16 14
13
	added
		3 12
		12 5
		9 7
		7 9
		2 5
		4 11
		3 6
		1 12
		0 5
		1 6
		3 11
		1 4
		3 5
		12 10
		9 5
		0 11
		0 10
		1 11
		12 11
		2 11
		3 6
		3 4
		7 4
		7 11
		1 5
		6 11
		9 10
		7 5
		9 11
		8 11
		10 5
	removed
		11 10
		12 10
		8 9
		9 8
		2 3
		4 3
		3 4
		3 6
		3 12
		3 5
		5 6
		3 2
		5 4
		3 6
		1 0
		3 4
		0 1
		0 10
		12 10
		12 11
14
	added
		1 12
		4 11
		7 15
		7 18
		6 14
		6 18
		8 17
		8 18
		8 14
		5 12
		7 17
		7 16
		9 12
		10 14
		4 13
		3 12
		7 12
		6 13
		8 13
		2 13
		1 13
		3 6
		3 10
		3 13
		2 7
		2 9
		6 15
		7 13
		1 8
		2 5
		3 14
		7 14
	removed
		17 16
		18 16
		15 9
		16 8
		16 17
		16 18
		13 0
		14 15
		12 14
		12 11
		13 12
		15 14
		11 2
		5 4
		10 11
		10 14
		14 12
		4 3
		11 12
		3 2
15
	added
		8 15
		8 21
		11 19
		9 12
		8 13
		6 21
		7 16
		7 21
		6 18
		12 20
		7 14
		10 20
		4 18
		6 15
		9 20
		3 20
		8 18
		13 10
		7 18
		9 16
		4 16
		12 15
		11 16
		10 18
		7 13
		9 18
		3 13
		9 21
		6 14
		11 16
		2 5
		3 11
		2 20
		2 13
		3 18
	removed
		20 19
		21 19
		18 16
		19 9
		16 17
		17 16
		15 14
		16 15
		14 13
		15 10
		12 11
		13 10
		13 12
		13 14
		11 16
		14 15
		11 10
		11 19
		19 20
		19 21
16
	added
		1 7
		4 10
		2 6
		2 9
		0 8
		1 10
		1 4
		1 9
		1 8
		3 10
		0 10
		0 3
		0 9
		4 8
		1 6
		3 0
		5 10
		3 8
		3 9
		0 6
		3 2
		3 5
		3 6
		1 5
		0 7
		4 10
		2 8
		2 7
		0 3
		4 8
		4 9
		4 7
		4 10
		2 5
		4 6
	removed
		9 7
		10 2
		8 7
		3 2
		7 3
		2 1
		5 4
		6 4
		5 0
		1 0
		4 10
		5 10
		7 8
		7 9
		4 8
		0 3
		4 6
		4 10
		1 2
		0 3
17
	added
		7 16
		16 9
		1 12
		12 6
		0 13
		6 9
		8 15
		7 10
		1 10
		1 9
		5 12
		0 11
		2 8
		6 14
		6 16
		6 11
		3 14
		2 16
		13 16
		2 15
		5 16
		4 8
		1 16
		7 6
		11 10
		2 13
		1 6
		2 11
		0 8
		1 15
		0 16
		11 8
		5 14
		7 6
		0 7
		0 9
		4 9
		0 15
		10 15
	removed
		15 14
		16 14
		6 11
		11 12
		16 9
		8 7
		14 8
		14 15
		13 12
		7 6
		11 10
		12 3
		9 10
		10 9
		11 10
		7 6
		8 9
		9 8
		10 11
		4 3
18
	added
		1 8
		3 12
		8 3
		12 5
		1 12
		2 5
		4 11
		3 6
		0 5
		3 11
		1 6
		2 3
		9 4
		7 4
		8 5
		0 12
		2 12
		3 10
		5 11
		1 4
		0 11
		1 11
		1 10
		4 12
		2 11
		2 10
		0 3
		5 10
		7 12
		7 11
		7 10
		7 0
		2 8
		7 8
		7 6
		0 10
	removed
		11 10
		12 10
		10 4
		10 12
		2 3
		3 2
		10 11
		12 5
		9 0
		9 8
		7 8
		8 7
		8 9
		0 1
		8 5
		1 2
		7 6
		8 3
		6 5
		2 7
19
	added
		12 17
		17 14
		1 6
		0 10
		5 9
		2 7
		11 14
		13 16
		3 6
		6 14
		12 16
		17 15
		1 13
		13 14
		12 15
		0 16
		2 5
		2 14
		8 14
		10 13
		2 16
		1 16
		0 15
		0 12
		3 13
		1 15
		3 10
		0 14
		9 15
		4 15
		2 12
		8 11
		8 12
		4 1
		5 11
		12 9
		4 12
		3 17
		4 7
	removed
		16 15
		17 15
		15 13
		15 17
		13 14
		15 16
		6 7
		11 14
		12 11
		17 15
		11 10
		9 8
		10 9
		13 14
		10 2
		2 3
		12 13
		8 3
		5 9
		7 6
20
	added
		1 14
		3 8
		8 5
		14 3
		1 8
		2 6
		0 13
		6 0
		11 17
		6 12
		10 13
		12 16
		0 3
		2 11
		2 13
		2 5
		6 17
		1 17
		4 16
		1 12
		9 12
		0 11
		9 17
		3 17
		2 16
		0 15
		0 17
		1 16
		2 3
		0 16
		3 16
		2 7
		1 13
		1 7
		2 17
	removed
		16 15
		17 15
		14 9
		15 12
		2 1
		8 6
		11 12
		15 16
		12 13
		13 14
		11 10
		7 6
		10 13
		14 13
		2 3
		4 6
		10 11
		13 12
		12 15
		2 3
21
	added
		0 8
		8 4
		1 6
		0 11
		5 10
		2 7
		6 3
		3 6
		4 15
		5 12
		11 6
		9 2
		4 13
		3 15
		5 15
		12 14
		3 14
		10 1
		10 4
		4 11
		4 14
		0 7
		0 3
		9 1
		6 13
		0 15
		0 13
		1 12
		2 13
		3 12
		1 13
		3 13
		6 14
		2 14
		10 0
		1 14
	removed
		14 16
		16 14
		14 15
		15 14
		14 13
		15 10
		3 9
		2 3
		6 8
		6 3
		4 5
		4 11
		13 14
		6 7
		12 13
		13 12
		11 2
		12 11
		9 10
		10 11
22
	added
		2 6
		2 10
		5 9
		7 10
		0 10
		1 7
		1 11
		6 11
		12 15
		15 22
		0 16
		2 16
		13 16
		17 20
		5 15
		3 15
		8 19
		8 21
		4 22
		4 19
		1 17
		11 22
		0 20
		0 8
		0 22
		3 22
		1 15
		5 21
		13 8
		10 15
		2 18
		1 22
		0 21
		1 19
		8 11
		6 20
		7 12
	removed
		21 20
		22 20
		14 13
		20 19
		15 14
		19 18
		13 14
		18 17
		16 11
		14 15
		13 12
		17 16
		12 11
		12 13
		10 9
		13 16
		11 10
		13 8
		6 7
		7 6
23
	added
		1 20
		4 21
		7 24
		7 22
		0 21
		3 22
		6 26
		6 23
		8 26
		14 17
		17 8
		2 23
		13 16
		15 0
		14 26
		5 18
		13 0
		1 18
		13 8
		11 0
		2 21
		12 9
		4 19
		11 8
		12 25
		10 17
		9 0
		22 13
		11 10
		5 22
		8 17
		10 9
		5 14
		14 1
		14 21
		4 13
	removed
		25 24
		26 24
		16 15
		24 9
		15 14
		17 16
		15 16
		19 18
		13 12
		20 19
		12 11
		19 2
		7 8
		11 10
		7 6
		10 9
		23 14
		0 17
		18 23
		6 5
24
	added
		0 8
		8 4
		1 6
		0 11
		5 10
		2 7
		6 3
		3 6
		4 15
		5 12
		11 6
		9 2
		4 13
		3 15
		5 15
		12 14
		3 14
		10 1
		10 4
		4 11
		4 14
		0 7
		0 3
		9 1
		6 13
		0 15
		0 13
		1 12
		2 13
		3 12
		1 13
		3 13
		6 14
		2 14
		10 0
		1 14
	removed
		14 16
		16 14
		14 15
		15 14
		14 13
		15 10
		3 9
		2 3
		6 8
		6 3
		4 5
		4 11
		13 14
		6 7
		12 13
		13 12
		11 2
		12 11
		9 10
		10 11
25
	added
		1 9
		4 12
		2 11
		0 8
		1 6
		0 10
		1 12
		1 11
		1 10
		2 7
		3 12
		2 10
		1 8
		3 6
		4 11
		4 8
		3 11
		2 8
		3 12
		3 8
		0 3
		0 9
		1 7
		5 8
		1 4
		2 9
		0 12
		2 6
		0 6
		3 7
		3 10
		0 7
		4 9
		4 6
		0 11
	removed
		11 9
		12 2
		9 10
		10 9
		8 6
		9 3
		6 5
		6 7
		3 12
		4 5
		7 6
		9 11
		5 0
		5 6
		6 8
		0 1
		4 8
		5 8
		0 3
		1 2
26
	added
		2 6
		2 18
		5 17
		6 17
		0 18
		1 7
		1 19
		13 21
		0 14
		12 22
		0 16
		3 19
		5 13
		2 14
		5 19
		1 15
		10 13
		0 21
		9 12
		9 20
		5 22
		1 21
		8 22
		2 16
		3 15
		5 15
		0 10
		2 10
		10 22
		1 13
		0 12
		1 22
		7 16
		0 8
		19 20
	removed
		21 20
		22 20
		19 18
		20 13
		18 17
		20 21
		12 11
		14 19
		11 10
		17 3
		15 14
		16 17
		13 14
		15 16
		12 13
		13 12
		7 16
		10 15
		9 20
		11 12
27
	added
		0 8
		8 4
		1 6
		0 11
		5 10
		2 7
		6 3
		3 6
		4 15
		5 12
		11 6
		9 2
		4 13
		3 15
		5 15
		12 14
		3 14
		10 1
		10 4
		4 11
		4 14
		0 7
		0 3
		9 1
		6 13
		0 15
		0 13
		1 12
		2 13
		3 12
		1 13
		3 13
		6 14
		2 14
		10 0
		1 14
	removed
		14 16
		16 14
		14 15
		15 14
		14 13
		15 10
		3 9
		2 3
		6 8
		6 3
		4 5
		4 11
		13 14
		6 7
		12 13
		13 12
		11 2
		12 11
		9 10
		10 11
28
	added
		0 8
		8 4
		2 20
		20 11
		1 22
		1 6
		6 3
		2 21
		14 22
		0 22
		1 21
		15 19
		13 22
		2 22
		2 9
		6 20
		8 11
		14 17
		14 19
		7 9
		11 14
		0 16
		6 10
		2 10
		1 15
		8 13
		8 15
		0 19
		5 9
		1 11
		2 14
		4 11
		3 0
		3 16
		6 12
		6 14
	removed
		21 20
		22 20
		19 17
		20 13
		17 18
		18 17
		17 15
		17 19
		15 16
		9 3
		12 11
		16 11
		13 12
		7 6
		8 4
		9 10
		5 4
		11 9
		4 3
		6 5
29
	added
		2 17
		4 11
		4 15
		7 14
		3 12
		8 13
		19 21
		19 22
		3 0
		2 18
		9 12
		1 19
		15 0
		10 20
		10 21
		0 21
		2 21
		14 1
		1 17
		0 10
		5 17
		2 22
		4 21
		5 0
		7 19
		15 9
		1 21
		8 5
		8 1
		8 20
		8 18
		9 0
		9 6
		5 12
		10 18
		10 11
		7 9
	removed
		21 20
		22 20
		17 16
		20 19
		20 21
		20 22
		17 0
		19 18
		15 16
		16 15
		15 14
		16 3
		6 7
		8 13
		7 8
		11 6
		8 9
		10 11
		6 5
		14 13
30
	added
		9 12
		6 15
		3 19
		19 11
		4 14
		8 13
		2 21
		3 20
		8 20
		7 19
		1 21
		2 20
		5 16
		7 20
		14 18
		3 21
		9 14
		0 18
		7 14
		4 18
		10 13
		10 3
		10 16
		19 9
		8 16
		11 18
		19 16
		9 21
		8 11
		13 18
		7 10
		9 20
		6 13
		6 9
		8 3
		1 18
	removed
		20 19
		21 19
		18 16
		19 13
		16 17
		17 16
		15 10
		16 14
		10 11
		14 15
		10 9
		12 13
		9 8
		13 14
		8 7
		8 20
		11 10
		12 11
		19 11
		7 6
31
	added
		1 18
		1 23
		4 21
		2 20
		5 22
		0 19
		0 23
		2 22
		5 18
		1 20
		1 22
		3 23
		4 20
		2 23
		0 22
		3 20
		6 20
		9 16
		9 17
		5 20
		8 17
		8 16
		8 15
		11 14
		0 20
		7 22
		6 22
		5 14
		10 20
		4 22
		1 19
		0 14
		9 20
		6 14
		0 18
		2 18
		7 20
	removed
		22 21
		23 21
		20 18
		21 2
		18 3
		18 19
		16 15
		17 15
		14 12
		15 9
		15 16
		15 17
		12 13
		13 12
		12 14
		19 18
		18 20
		21 22
		11 12
		12 11
32
	added
		6 12
		11 6
		17 22
		22 19
		16 19
		18 21
		20 14
		0 12
		1 9
		18 13
		17 21
		17 14
		0 11
		18 15
		5 9
		18 19
		13 18
		2 7
		15 18
		16 22
		3 8
		1 12
		5 12
		4 7
		13 19
		15 19
		13 20
		3 21
		3 20
		2 21
		18 13
		15 22
		13 21
		3 12
		15 6
		16 5
		2 12
		18 13
		14 17
	removed
		21 20
		22 20
		20 18
		20 22
		18 19
		20 21
		19 14
		22 19
		12 9
		19 18
		20 14
		18 15
		18 13
		14 15
		17 16
		17 18
		18 19
		18 13
		16 22
		18 17
33
	added
		2 9
		4 12
		9 4
		12 6
		3 6
		0 12
		5 11
		4 7
		1 6
		4 11
		0 7
		2 11
		9 6
		2 5
		1 12
		1 8
		1 11
		3 12
		1 4
		2 12
		3 11
		2 10
		6 3
		2 7
		1 10
		8 7
		4 10
		3 10
		6 12
		6 11
		2 8
		0 8
		5 12
		6 8
		6 10
		0 11
	removed
		11 10
		12 10
		10 5
		10 12
		10 11
		4 3
		9 8
		12 6
		9 0
		5 4
		8 7
		0 1
		8 3
		8 9
		8 7
		9 4
		6 7
		7 6
		6 5
		1 2
34
	added
		11 16
		16 13
		1 6
		0 9
		5 8
		2 5
		10 13
		12 15
		11 15
		11 8
		6 13
		16 14
		0 13
		1 12
		12 13
		0 14
		10 14
		1 14
		0 11
		9 12
		6 15
		9 14
		11 14
		5 12
		1 15
		0 15
		4 15
		8 15
		3 15
		5 15
		2 14
		5 14
		10 7
		2 15
		4 14
	removed
		15 14
		16 14
		14 12
		14 16
		12 13
		14 15
		10 13
		16 13
		11 10
		12 13
		11 16
		13 8
		12 11
		16 14
		10 14
		11 14
		9 10
		10 9
		9 12
		10 11
35
	added
		0 11
		2 9
		9 4
		11 2
		1 13
		10 5
		0 12
		0 13
		1 12
		9 12
		1 6
		2 5
		0 7
		2 12
		1 8
		11 6
		2 7
		10 3
		2 11
		2 13
		5 8
		1 4
		10 7
		11 4
		0 5
		4 1
		3 12
		3 13
		4 12
		4 13
		5 12
		5 13
		8 12
		8 13
		1 11
		10 12
		10 13
	removed
		12 11
		13 11
		10 1
		11 10
		8 9
		9 8
		10 5
		0 1
		9 10
		10 9
		9 12
		10 11
		11 2
		11 6
		11 12
		11 13
		10 7
		11 4
		9 4
		10 3
36
	added
		10 16
		16 12
		1 6
		4 7
		0 7
		5 8
		9 12
		11 15
		0 13
		10 15
		10 13
		11 8
		1 8
		10 14
		1 13
		2 9
		9 16
		1 16
		9 13
		5 13
		0 16
		3 10
		9 15
		9 14
		6 11
		2 12
		3 8
		5 10
		4 11
		1 12
		4 14
		7 15
		6 9
		3 14
		4 9
		0 15
	removed
		15 14
		16 14
		14 11
		14 16
		13 12
		14 15
		13 8
		16 12
		11 12
		12 11
		11 15
		11 10
		11 14
		12 13
		7 6
		9 8
		6 11
		8 7
		4 11
		6 3
37
	added
		2 11
		11 4
		8 14
		14 10
		1 10
		7 10
		10 5
		9 13
		8 5
		9 4
		8 13
		7 0
		8 12
		10 3
		5 2
		6 1
		1 12
		9 2
		6 5
		0 12
		8 1
		11 12
		9 4
		7 4
		2 12
		5 12
		3 12
		7 12
		7 2
		4 12
		6 12
		10 3
		7 13
		10 12
		10 13
	removed
		13 12
		14 12
		12 9
		12 14
		11 6
		12 13
		8 14
		9 10
		9 4
		14 10
		0 1
		11 10
		11 4
		1 10
		9 4
		1 2
		10 3
		4 5
		10 11
		10 5
38
	added
		3 10
		10 5
		4 12
		12 8
		11 6
		4 13
		4 14
		10 7
		2 5
		2 7
		3 13
		1 8
		1 6
		3 14
		11 6
		0 9
		0 7
		1 10
		2 9
		1 14
		1 4
		3 8
		0 12
		0 14
		0 5
		9 8
		2 12
		1 13
		0 6
		0 13
		11 14
		2 14
		10 9
		7 10
		9 8
	removed
		13 12
		14 12
		10 11
		12 10
		11 2
		12 8
		10 9
		11 6
		8 7
		9 8
		10 5
		11 6
		6 7
		7 6
		5 6
		6 5
		9 8
		11 10
		4 9
		5 4
39
	added
		2 6
		2 10
		5 9
		10 4
		0 10
		1 7
		1 12
		2 11
		1 9
		0 8
		0 12
		1 11
		6 9
		7 3
		8 12
		0 11
		4 10
		2 8
		3 11
		0 7
		2 7
		3 12
		5 12
		2 12
		3 7
		5 11
		5 7
		1 8
		0 9
		2 9
		5 8
		5 9
		3 8
		4 9
	removed
		11 10
		12 10
		8 7
		10 9
		9 8
		10 4
		7 6
		9 3
		7 8
		7 3
		6 9
		8 9
		5 9
		6 4
		8 12
		9 10
		4 10
		5 4
		10 12
		4 3
40
	added
		0 8
		8 4
		1 6
		0 11
		5 10
		2 7
		6 3
		3 6
		4 15
		5 12
		11 6
		9 2
		4 13
		3 15
		5 15
		12 14
		3 14
		10 1
		10 4
		4 11
		4 14
		0 7
		0 3
		9 1
		6 13
		0 15
		0 13
		1 12
		2 13
		3 12
		1 13
		3 13
		6 14
		2 14
		10 0
		1 14
	removed
		14 16
		16 14
		14 15
		15 14
		14 13
		15 10
		3 9
		2 3
		6 8
		6 3
		4 5
		4 11
		13 14
		6 7
		12 13
		13 12
		11 2
		12 11
		9 10
		10 11
41
	added
		4 12
		12 6
		2 9
		5 8
		3 6
		5 11
		4 7
		2 12
		0 8
		1 6
		2 7
		10 9
		0 5
		4 6
		1 3
		4 11
		1 10
		0 11
		2 8
		1 5
		1 11
		4 6
		4 7
		1 8
		1 7
		2 6
		2 11
		4 6
		4 7
		0 9
		2 9
		0 6
		10 6
		2 10
		10 9
		8 6
		1 12
	removed
		11 10
		12 10
		9 1
		2 9
		3 4
		5 4
		4 5
		4 7
		4 3
		4 6
		8 3
		3 2
		4 6
		4 7
		6 5
		6 7
		10 9
		4 7
		10 6
		12 6
42
	added
		9 12
		6 15
		13 18
		18 15
		4 14
		8 13
		12 15
		14 17
		7 18
		5 17
		4 17
		11 10
		8 15
		15 6
		4 16
		1 4
		3 16
		4 18
		18 9
		1 9
		0 14
		7 14
		4 12
		0 10
		1 13
		9 14
		6 9
		3 9
		18 17
		8 17
		6 17
		1 16
		2 15
		1 15
		1 11
		0 16
	removed
		17 16
		18 16
		16 14
		16 18
		11 10
		16 17
		5 0
		10 15
		13 18
		14 15
		15 10
		15 6
		10 11
		18 15
		12 13
		14 13
		9 10
		12 3
		18 9
		0 1
43
	added
		2 6
		2 10
		5 9
		7 10
		0 10
		1 7
		1 11
		6 11
		0 12
		2 12
		11 16
		1 14
		8 14
		0 16
		7 12
		7 16
		3 11
		3 14
		5 11
		5 14
		2 16
		5 7
		1 16
		2 15
		2 8
		0 3
		0 8
		1 15
		1 10
		0 6
		4 8
		5 13
		3 13
		5 7
	removed
		15 14
		16 14
		11 10
		14 12
		12 11
		12 13
		10 9
		13 8
		9 3
		13 12
		7 6
		8 9
		9 10
		4 5
		6 4
		10 11
		5 7
		8 7
		5 9
		5 11
44
	added
		1 11
		0 8
		8 4
		11 3
		1 6
		0 3
		6 3
		2 10
		1 10
		1 4
		4 9
		1 9
		7 4
		2 7
		5 2
		0 11
		1 8
		3 9
		3 10
		1 7
		0 10
		0 7
		5 8
		3 7
		5 11
		5 10
		5 7
		0 6
		2 11
		0 9
		2 8
		5 6
		5 9
		4 8
		4 11
	removed
		10 9
		11 9
		9 2
		9 11
		8 4
		9 10
		11 3
		3 4
		7 4
		8 6
		6 7
		7 6
		5 6
		6 5
		6 8
		6 3
		5 4
		2 1
		4 5
		1 0
45
	added
		1 8
		3 19
		6 22
		4 15
		3 14
		7 4
		2 20
		7 12
		1 21
		2 16
		2 13
		3 22
		3 21
		2 5
		1 18
		4 20
		0 21
		0 16
		1 14
		1 17
		1 12
		5 21
		0 15
		9 17
		9 6
		0 17
		7 21
		0 18
		2 19
		2 15
		2 22
		7 17
		1 19
		1 22
		8 11
		14 11
		15 8
		2 11
	removed
		21 22
		22 21
		21 20
		22 4
		20 19
		4 3
		19 5
		3 2
		16 18
		17 16
		10 11
		11 10
		18 16
		19 20
		16 12
		4 5
		12 13
		13 14
		12 11
		13 8
46
	added
		0 21
		2 9
		5 18
		3 6
		1 10
		2 7
		0 17
		1 21
		3 10
		5 10
		2 20
		1 8
		2 17
		4 17
		0 20
		0 11
		2 11
		4 11
		1 20
		1 12
		0 14
		0 13
		2 18
		2 5
		5 15
		1 17
		5 12
		0 19
		1 16
		1 4
		1 6
		0 7
		5 8
		0 16
	removed
		20 19
		21 19
		17 18
		19 1
		18 3
		19 21
		10 17
		10 9
		18 17
		4 3
		15 14
		16 14
		17 10
		19 20
		14 12
		3 2
		13 12
		2 1
		12 11
		1 0
47
	added
		2 13
		4 11
		6 16
		11 6
		4 16
		5 16
		7 15
		7 16
		3 0
		6 15
		12 7
		3 6
		10 7
		3 8
		2 9
		3 10
		3 16
		6 14
		1 10
		2 14
		4 15
		3 15
		0 7
		12 1
		1 13
		2 5
		2 11
		1 14
		1 6
		2 7
		2 16
		2 15
		0 15
		0 16
	removed
		15 14
		16 14
		13 12
		14 7
		5 4
		6 5
		14 15
		14 16
		11 10
		11 12
		12 13
		13 0
		4 3
		12 3
		10 9
		12 11
		8 9
		9 8
		10 5
		7 8
48
	added
		1 9
		4 16
		0 8
		8 4
		5 15
		0 16
		1 6
		0 10
		1 15
		11 19
		3 15
		12 15
		4 14
		2 14
		2 10
		4 10
		2 7
		11 14
		0 15
		1 14
		3 6
		2 15
		3 14
		10 19
		10 14
		12 14
		8 11
		3 19
		6 19
		2 19
		0 19
		5 11
		1 19
		0 9
		2 9
	removed
		18 17
		19 17
		16 2
		17 12
		14 13
		15 16
		14 15
		15 14
		13 12
		15 10
		11 12
		12 11
		12 15
		12 17
		17 19
		9 3
		17 18
		9 10
		12 14
		13 14
49
	added
		1 11
		1 8
		4 7
		2 13
		1 15
		0 10
		2 14
		2 15
		1 14
		3 14
		4 9
		6 14
		3 8
		0 13
		4 13
		2 10
		2 9
		3 9
		5 15
		1 12
		3 15
		4 15
		5 14
		1 10
		2 11
		2 12
		3 10
		3 12
		0 14
		7 0
		7 15
		5 0
		7 12
		7 10
		4 14
		5 2
		4 10
		4 12
	removed
		14 13
		15 13
		12 0
		13 11
		11 3
		11 12
		9 8
		0 1
		12 11
		1 2
		10 8
		11 13
		7 8
		8 7
		7 6
		8 10
		6 5
		6 14
		5 15
		5 4
50
	added
		1 23
		1 8
		4 7
		2 25
		0 24
		1 25
		1 24
		4 24
		12 22
		4 9
		7 12
		3 10
		2 11
		3 12
		3 24
		2 22
		5 0
		4 22
		3 20
		17 14
		1 22
		4 25
		2 20
		16 13
		3 22
		3 25
		6 1
		15 8
		8 11
		18 14
		15 24
		0 23
		2 23
		14 11
		6 24
		19 10
		1 10
		7 20
		7 22
	removed
		24 23
		25 23
		22 20
		23 3
		20 21
		21 20
		20 12
		20 22
		19 18
		23 24
		17 18
		18 17
		16 17
		17 16
		23 25
		17 14
		18 19
		18 14
		19 14
		1 0
51
	added
		1 12
		4 23
		4 11
		7 10
		3 25
		4 24
		4 25
		4 13
		3 12
		7 25
		3 24
		8 22
		5 0
		6 25
		3 15
		10 22
		2 16
		10 1
		7 20
		7 22
		17 14
		7 24
		1 17
		4 9
		10 14
		6 24
		7 12
		18 14
		6 14
		0 14
		1 15
		18 12
		8 11
		5 15
		18 14
		6 13
		2 13
	removed
		24 23
		25 23
		22 20
		23 6
		20 21
		21 20
		20 8
		20 22
		19 18
		23 25
		17 18
		18 17
		16 17
		17 16
		14 19
		18 14
		12 11
		12 14
		15 14
		18 14
52
	added
		0 8
		8 4
		13 18
		18 15
		1 6
		6 3
		12 15
		14 17
		13 17
		13 10
		7 9
		10 17
		6 10
		14 15
		14 9
		6 14
		5 15
		11 14
		12 18
		1 16
		0 15
		6 15
		11 15
		1 9
		5 17
		1 11
		0 16
		14 11
		5 9
		0 10
		0 17
		0 3
		3 15
		0 12
		14 11
		14 18
		6 16
		6 17
	removed
		17 16
		18 16
		16 14
		16 18
		14 15
		16 17
		15 10
		18 15
		14 15
		15 14
		13 10
		7 6
		12 13
		6 5
		2 1
		11 2
		13 17
		14 11
		4 5
		1 0
53
	added
		1 9
		4 16
		0 8
		8 4
		5 15
		0 16
		1 6
		0 10
		1 15
		15 12
		3 15
		1 13
		3 13
		2 14
		2 12
		4 17
		4 12
		5 13
		10 18
		0 17
		6 17
		2 7
		6 14
		1 16
		1 17
		1 18
		3 18
		0 3
		5 18
		1 4
		0 9
		0 12
		0 14
		0 18
		3 6
	removed
		17 13
		18 12
		13 14
		16 2
		14 15
		15 16
		10 11
		12 11
		11 10
		11 12
		16 15
		4 5
		9 10
		12 13
		8 6
		9 3
		15 10
		3 4
		10 9
		15 12
54
	added
		0 7
		0 11
		3 10
		1 8
		1 12
		4 9
		0 12
		0 13
		4 11
		3 13
		1 13
		10 9
		2 13
		5 10
		5 12
		1 6
		10 7
		2 12
		10 5
		6 1
		2 8
		4 12
		4 1
		6 12
		9 6
		9 0
		5 10
		9 12
		5 2
		9 2
		4 8
		4 13
		3 8
		4 7
		5 13
		3 12
		5 8
		9 13
	removed
		12 11
		13 11
		10 9
		11 10
		8 9
		9 8
		10 9
		0 1
		7 8
		8 7
		1 10
		5 10
		6 7
		7 6
		10 5
		6 5
		9 12
		10 7
		9 2
		5 4
55
	added
		2 6
		5 13
		6 13
		9 16
		1 7
		0 12
		8 16
		10 15
		9 15
		0 6
		12 9
		5 11
		4 10
		0 15
		2 8
		10 16
		0 10
		0 3
		6 16
		3 9
		1 16
		1 9
		1 15
		0 16
		0 13
		7 10
		2 16
		1 4
		2 13
		5 9
		1 13
		3 15
		4 15
		5 15
		5 16
		5 2
		5 7
	removed
		15 14
		16 14
		10 14
		14 10
		14 15
		14 16
		13 12
		11 12
		10 11
		12 7
		8 7
		13 3
		9 8
		3 2
		12 11
		2 1
		7 12
		1 0
		3 4
		9 10
56
	added
		1 20
		0 11
		11 4
		5 12
		0 14
		1 12
		0 20
		10 3
		2 13
		3 19
		9 2
		9 17
		8 1
		3 12
		2 19
		7 20
		8 15
		8 13
		8 17
		7 12
		2 11
		0 3
		3 20
		6 20
		1 10
		1 14
		6 3
		8 11
		6 11
		9 12
		2 20
		8 3
		1 4
		1 13
		7 13
	removed
		19 18
		20 18
		17 15
		18 2
		15 16
		16 15
		15 9
		15 17
		12 13
		12 14
		18 19
		4 5
		11 12
		14 12
		6 5
		6 11
		13 12
		5 0
		11 6
		11 10
57
	added
		1 8
		1 19
		4 18
		2 16
		0 24
		1 24
		19 23
		1 6
		0 7
		0 23
		17 20
		2 7
		16 21
		1 23
		2 5
		16 22
		3 19
		1 4
		18 4
		18 12
		4 23
		1 21
		16 2
		4 13
		1 12
		16 12
		0 21
		0 13
		3 21
		3 15
		16 4
		9 14
		2 13
		2 21
		2 20
		1 14
		1 17
		0 14
	removed
		23 20
		24 19
		21 22
		22 21
		21 20
		22 17
		20 19
		3 2
		18 17
		19 18
		18 2
		18 4
		17 22
		16 4
		16 2
		17 16
		14 13
		16 4
		13 15
		16 17
58
	added
		2 6
		2 10
		5 9
		7 10
		1 19
		0 10
		6 19
		1 7
		14 17
		17 22
		0 18
		18 21
		1 21
		15 11
		15 18
		0 22
		5 17
		14 20
		0 21
		12 22
		12 18
		1 22
		4 11
		11 21
		14 10
		13 15
		10 20
		13 21
		7 22
		12 9
		6 12
		9 22
		5 20
		4 21
		6 22
		9 15
		3 21
		8 18
		8 21
	removed
		21 20
		22 20
		16 15
		20 18
		17 16
		18 19
		15 16
		20 21
		15 14
		16 17
		14 12
		18 17
		14 17
		14 20
		12 14
		14 15
		13 8
		14 10
		12 13
		17 18
59
	added
		1 8
		3 18
		5 8
		5 15
		4 10
		2 18
		4 13
		4 17
		3 12
		3 14
		3 17
		4 15
		2 10
		2 14
		5 18
		4 14
		4 18
		2 11
		5 11
		3 8
		1 11
		4 11
		0 7
		0 10
		3 16
		1 18
		0 8
		2 8
		4 8
		0 13
		7 15
		7 4
		1 6
		1 15
		1 9
		2 5
		5 16
	removed
		17 16
		18 16
		15 13
		16 4
		14 13
		16 17
		11 10
		13 6
		9 0
		10 12
		8 9
		16 18
		8 7
		8 10
		5 6
		6 7
		9 8
		3 4
		7 8
		0 1
60
	added
		0 8
		8 4
		1 6
		0 11
		5 10
		2 7
		6 3
		3 6
		4 15
		5 12
		11 6
		9 2
		4 13
		3 15
		5 15
		12 14
		3 14
		10 1
		10 4
		4 11
		4 14
		0 7
		0 3
		9 1
		6 13
		0 15
		0 13
		1 12
		2 13
		3 12
		1 13
		3 13
		6 14
		2 14
		10 0
		1 14
	removed
		14 16
		16 14
		14 15
		15 14
		14 13
		15 10
		3 9
		2 3
		6 8
		6 3
		4 5
		4 11
		13 14
		6 7
		12 13
		13 12
		11 2
		12 11
		9 10
		10 11
61
	added
		1 9
		4 10
		0 8
		8 4
		0 10
		1 6
		0 9
		1 10
		1 4
		2 7
		2 9
		3 10
		1 7
		6 3
		5 10
		5 4
		4 9
		0 3
		5 9
		0 6
		0 7
		3 7
		8 10
		5 6
		5 7
		2 6
		4 7
		1 8
		4 6
		5 8
		5 9
		5 7
		2 8
		3 6
		5 6
	removed
		9 3
		10 2
		7 6
		8 6
		5 6
		6 5
		5 4
		6 8
		6 7
		6 3
		8 4
		3 2
		8 10
		4 3
		5 9
		5 7
		5 6
		4 5
		5 9
		5 7
62
	added
		1 22
		14 19
		19 16
		22 3
		2 21
		0 3
		13 16
		14 12
		1 21
		4 21
		16 10
		19 9
		0 21
		14 11
		17 10
		14 7
		1 5
		15 11
		13 9
		15 6
		2 6
		1 20
		15 9
		17 5
		19 9
		3 7
		15 10
		4 9
		19 4
		16 7
		14 21
		0 10
		15 4
		16 11
		1 9
		16 21
		17 3
		2 10
	removed
		21 20
		22 20
		20 2
		20 22
		12 13
		13 16
		4 0
		0 3
		19 16
		20 21
		19 9
		13 14
		0 1
		14 15
		18 17
		19 9
		17 5
		7 8
		16 11
		8 7
63
	added
		0 8
		8 4
		14 19
		19 16
		1 6
		6 3
		13 16
		15 18
		14 18
		14 11
		7 9
		11 18
		6 10
		15 16
		15 9
		1 9
		9 15
		16 3
		12 15
		14 3
		0 10
		5 9
		6 11
		1 16
		0 15
		2 17
		1 18
		0 3
		1 17
		8 9
		15 12
		15 2
		15 9
		5 14
		0 18
		6 18
		5 16
		5 19
	removed
		18 17
		19 17
		17 15
		17 19
		15 16
		17 18
		16 11
		19 16
		15 16
		16 15
		9 10
		11 12
		5 6
		7 6
		13 14
		15 9
		14 15
		14 18
		15 2
		15 9
64
	added
		2 6
		2 10
		5 9
		6 15
		1 15
		1 12
		0 10
		2 15
		0 12
		8 14
		7 14
		7 15
		3 7
		2 14
		3 12
		1 14
		4 8
		2 12
		3 13
		7 10
		8 12
		4 10
		2 13
		4 14
		5 15
		3 14
		4 12
		6 13
		0 15
		6 14
		3 15
		6 12
		5 7
		8 12
		5 12
	removed
		14 13
		15 13
		12 10
		13 7
		10 11
		11 10
		10 9
		13 14
		9 8
		13 15
		7 6
		7 8
		6 4
		9 3
		8 9
		8 14
		6 7
		8 12
		6 14
		6 12
65
	added
		1 14
		3 8
		8 5
		14 3
		12 3
		1 8
		2 6
		0 9
		11 14
		11 2
		0 3
		5 10
		4 11
		11 4
		0 6
		10 3
		4 13
		11 13
		11 15
		10 5
		3 10
		5 8
		5 4
		11 8
		4 15
		5 2
		3 15
		5 13
		5 15
		5 12
		1 7
		0 14
		4 14
		9 4
		0 15
		0 13
		6 13
	removed
		14 13
		15 12
		13 12
		14 9
		13 14
		2 1
		11 10
		12 11
		5 4
		3 2
		12 15
		3 4
		11 4
		12 13
		11 8
		14 3
		11 12
		11 2
		12 3
		1 0
66
	added
		9 12
		6 15
		3 17
		17 11
		4 14
		8 13
		2 19
		3 18
		8 18
		7 17
		1 19
		2 18
		9 14
		7 14
		10 3
		17 9
		8 15
		6 16
		5 16
		9 2
		8 11
		7 2
		0 16
		4 16
		8 15
		7 10
		6 19
		7 14
		6 1
		6 9
		7 6
		4 0
		6 11
		17 3
		8 15
		8 7
	removed
		18 17
		19 17
		16 14
		17 13
		10 11
		15 10
		10 9
		14 15
		9 8
		12 13
		8 15
		13 14
		7 14
		8 7
		6 11
		7 6
		5 16
		8 15
		5 4
		0 5
67
	added
		2 6
		2 18
		5 17
		6 17
		0 18
		1 7
		1 19
		11 21
		0 14
		10 22
		0 16
		3 19
		5 13
		2 14
		5 19
		1 15
		11 14
		4 14
		3 15
		5 15
		2 16
		13 10
		1 9
		2 10
		5 9
		0 8
		1 22
		4 18
		0 10
		2 20
		0 22
		4 16
		0 12
		3 22
		4 10
	removed
		21 20
		22 20
		19 18
		20 11
		18 17
		20 21
		13 12
		14 19
		14 13
		17 3
		15 14
		16 17
		12 11
		12 13
		11 14
		13 14
		11 10
		11 20
		16 7
		16 15
68
	added
		2 6
		5 9
		3 8
		8 5
		1 8
		0 14
		12 17
		12 18
		9 12
		11 18
		11 17
		5 16
		8 10
		9 16
		1 15
		1 11
		8 17
		0 16
		3 18
		0 17
		2 18
		1 17
		1 14
		3 16
		2 12
		3 7
		0 9
		1 15
		0 12
		4 18
		1 18
		1 10
		2 16
		9 6
		2 7
		14 7
		5 18
	removed
		17 16
		18 16
		11 10
		16 12
		16 17
		16 18
		12 13
		14 13
		13 12
		13 14
		15 2
		1 15
		14 15
		15 14
		9 14
		12 11
		7 6
		8 6
		6 4
		10 11
69
	added
		0 8
		8 4
		1 6
		0 13
		5 11
		2 7
		6 3
		3 6
		1 11
		0 9
		1 10
		13 10
		3 11
		0 10
		1 8
		4 9
		3 10
		0 11
		1 7
		2 11
		2 10
		5 10
		5 2
		3 7
		4 11
		4 10
		4 5
		1 13
		6 3
		1 9
		5 9
		3 13
		2 9
	removed
		11 12
		12 11
		11 13
		13 2
		9 11
		10 9
		8 6
		8 4
		7 6
		11 9
		9 3
		3 4
		6 3
		13 11
		13 10
		4 5
		6 5
		9 10
		6 3
		4 5
70
	added
		1 8
		4 15
		4 25
		7 23
		2 25
		3 16
		3 25
		5 24
		2 17
		4 24
		6 24
		12 22
		1 18
		5 25
		6 3
		7 12
		2 11
		0 19
		7 20
		7 22
		1 14
		14 11
		3 10
		2 19
		0 13
		1 12
		3 18
		3 14
		6 9
		5 10
		4 19
		0 22
		4 17
		0 7
		0 11
	removed
		24 23
		25 23
		22 20
		23 5
		20 21
		21 20
		20 12
		20 22
		12 13
		19 18
		14 19
		18 17
		8 13
		17 16
		5 23
		5 24
		16 15
		2 1
		7 8
		9 8
