num_iters=11
0
	added
	removed
		0 1
	edges
		0 1
		0 5
		0 10
		0 12
		0 16
		0 3
		0 8
		0 6
		0 13
		1 0
		1 2
		1 7
		1 11
		1 14
		1 16
		1 15
		1 10
		2 1
		2 3
		2 6
		2 10
		2 12
		2 16
		2 15
		2 8
		3 2
		3 4
		3 9
		3 11
		3 14
		3 13
		4 3
		4 6
		4 8
		5 0
		5 4
		5 14
		5 13
		6 7
		6 11
		7 8
		7 10
		7 12
		7 16
		8 13
		8 14
		9 15
		11 12
		11 16
		12 14
		14 15
		14 16
1
	added
	removed
		0 1
	edges
		0 9
		0 5
		0 11
		0 10
		1 0
		1 8
		1 4
		1 11
		1 12
		1 6
		1 9
		2 1
		2 7
		2 10
		2 11
		2 12
		2 5
		2 9
		2 3
		3 2
		3 4
		3 11
		3 12
		3 9
		3 0
		4 3
		4 11
		4 12
		4 1
		4 9
		4 10
		5 6
		5 2
		5 9
		5 12
		6 7
		6 10
		6 11
		7 2
		7 11
		7 12
		8 9
		10 11
		10 12
2
	added
	removed
		0 1
	edges
		0 9
		0 7
		0 5
		0 10
		0 12
		0 11
		1 8
		1 11
		1 6
		1 12
		1 2
		1 9
		2 1
		2 3
		2 7
		2 10
		2 11
		2 12
		2 5
		2 9
		2 8
		3 2
		3 4
		3 8
		3 11
		3 12
		3 6
		3 9
		4 3
		4 5
		4 7
		4 12
		4 11
		4 10
		5 4
		5 12
		5 11
		6 5
		6 7
		6 12
		7 12
		10 11
		10 12
3
	added
	removed
		0 1
	edges
		0 1
		0 5
		0 16
		0 17
		0 8
		0 6
		0 18
		0 15
		0 12
		0 14
		1 0
		1 2
		1 17
		1 18
		1 11
		1 15
		2 1
		2 3
		2 18
		2 6
		3 2
		3 4
		3 16
		3 17
		4 3
		4 6
		4 14
		4 15
		4 12
		5 0
		5 4
		5 13
		5 9
		5 11
		6 4
		6 7
		6 11
		6 15
		6 13
		7 6
		7 8
		7 14
		7 16
		7 17
		7 12
		8 7
		8 9
		8 13
		8 17
		8 11
		8 3
		9 12
		9 14
		9 2
		9 6
		9 4
		11 6
		12 11
		13 12
		13 16
		13 6
		14 13
		16 17
		16 18
		16 11
		16 9
4
	added
	removed
		0 1
	edges
		0 1
		0 5
		0 8
		0 9
		0 7
		0 6
		0 10
		1 0
		1 2
		1 7
		1 4
		1 10
		1 8
		1 9
		1 6
		2 1
		2 3
		2 10
		2 9
		2 7
		2 5
		2 8
		2 6
		3 2
		3 4
		3 7
		3 10
		3 8
		3 9
		3 6
		4 10
		4 8
		5 0
		5 8
		5 7
		5 6
5
	added
	removed
		0 1
	edges
		0 1
		0 9
		0 26
		0 25
		1 0
		1 2
		1 25
		1 8
		1 27
		1 26
		1 21
		1 18
		2 1
		2 3
		2 7
		2 27
		2 11
		2 21
		2 16
		2 25
		2 17
		2 18
		3 2
		3 4
		3 25
		3 10
		3 12
		3 26
		3 27
		3 19
		3 21
		4 3
		4 5
		4 7
		4 26
		4 9
		4 13
		4 22
		4 24
		4 27
		4 19
		4 16
		4 18
		5 4
		5 6
		5 22
		5 24
		5 0
		5 8
		5 18
		6 5
		6 7
		6 15
		6 1
		7 2
		7 6
		7 8
		7 12
		7 17
		8 7
		8 9
		8 13
		9 0
		9 8
		9 10
		10 9
		10 11
		10 19
		10 21
		11 10
		11 12
		11 18
		12 13
		12 16
		13 8
		13 12
		13 14
		13 6
		14 15
		15 6
		15 21
		16 18
6
	added
	removed
		0 1
	edges
		0 7
		0 15
		0 14
		0 3
		1 0
		1 6
		1 9
		1 10
		1 15
		1 2
		1 14
		1 4
		1 8
		1 11
		2 3
		2 15
		2 7
		2 5
		2 14
		3 4
		3 15
		3 14
		4 3
		4 5
		4 14
		4 15
		5 4
		5 14
		6 1
		6 5
		6 7
		6 11
		6 14
		6 3
		6 15
		7 6
		7 8
		7 9
		7 2
		7 15
		7 4
		7 14
		8 15
		9 7
		9 5
		9 14
		9 15
		10 3
		10 11
		10 15
7
	added
	removed
		0 1
	edges
		0 1
		1 0
		1 2
		1 3
		2 1
		2 4
		3 1
		3 4
		4 3
		4 5
		4 9
		4 2
		5 4
		5 6
		6 5
		6 7
		7 6
		7 8
		7 12
		7 18
		7 17
		7 4
		8 7
		8 9
		8 10
		8 5
		9 4
		10 8
		10 11
		10 9
		11 10
		11 12
		11 16
		11 6
		11 1
		12 7
		12 11
		12 13
		12 15
		12 9
		12 5
		12 17
		12 18
		12 3
		13 12
		13 16
		13 17
		13 4
		13 10
		13 9
		14 13
		14 7
		14 18
		14 8
		15 14
		15 17
		15 18
		15 10
		15 8
		15 1
		16 15
		16 9
		16 7
		16 0
8
	added
	removed
		0 1
	edges
		0 1
		0 8
		0 11
		0 10
		0 9
		0 7
		1 0
		1 2
		1 9
		1 7
		1 10
		1 11
		1 5
		1 8
		1 4
		2 1
		2 3
		2 6
		2 10
		2 11
		2 9
		2 4
		2 8
		2 5
		2 7
		3 4
		3 10
		3 11
		3 9
		3 8
		4 5
		4 10
		4 11
		5 4
		5 10
		5 11
		6 5
		6 7
		6 10
		6 11
9
	added
	removed
		0 1
	edges
		0 8
		0 5
		0 16
		1 0
		1 2
		1 6
		1 7
		1 9
		1 16
		1 13
		2 1
		2 3
		2 5
		2 10
		2 8
		2 16
		2 15
		3 2
		3 4
		3 6
		3 11
		3 13
		3 16
		3 15
		4 5
		4 9
		5 4
		5 6
		5 7
		6 1
		6 5
		7 5
		7 8
		8 7
		8 9
		8 13
		9 4
		9 8
		9 10
		10 9
		10 11
		10 13
		10 16
		10 15
		11 10
		11 16
		11 15
		11 8
		11 4
		11 5
		11 1
		12 11
		12 14
		12 3
		12 6
		13 5
		14 5
		14 4
10
	added
	removed
		0 1
	edges
		0 5
		0 10
		0 12
		0 13
		0 11
		0 8
		0 15
		0 6
		0 16
		1 0
		1 2
		1 13
		1 11
		1 12
		1 9
		1 16
		1 7
		1 4
		1 15
		2 1
		2 3
		2 6
		2 10
		2 12
		2 13
		2 16
		2 11
		2 8
		2 15
		3 2
		3 4
		3 9
		3 11
		3 12
		3 13
		4 6
		4 12
		4 10
		5 4
		5 9
		5 11
		6 4
		6 7
		6 13
		6 16
		6 11
		6 12
		6 15
		7 6
		7 8
		8 13
		8 15
		9 3
		9 8
		10 9
		10 15
11
	added
	removed
		0 1
	edges
		0 1
		0 9
		0 16
		0 7
		0 3
		0 13
		1 0
		1 2
		1 8
		1 12
		1 16
		1 6
		1 10
		2 3
		2 7
		2 19
		2 13
		2 16
		3 4
		3 14
		3 19
		3 12
		3 15
		3 16
		4 3
		4 5
		4 15
		4 19
		4 18
		4 13
		4 16
		5 4
		5 6
		5 17
		5 18
		5 14
		5 8
		5 12
		5 15
		6 5
		6 7
		6 15
		6 18
		6 13
		6 16
		7 2
		7 6
		7 17
		7 14
		8 7
		8 13
		9 8
		9 10
		10 11
		10 16
		12 16
		13 12
		14 13
		17 18
		17 19
12
	added
	removed
		0 1
	edges
		0 1
		0 5
		1 0
		1 2
		2 1
		2 3
		2 20
		3 2
		3 4
		3 12
		3 20
		3 18
		3 14
		4 3
		4 5
		4 6
		4 18
		4 20
		5 0
		5 4
		6 4
		6 7
		6 11
		6 21
		6 16
		6 19
		7 6
		7 8
		7 14
		7 21
		7 19
		8 7
		8 9
		8 15
		8 21
		8 3
		8 13
		8 19
		8 1
		8 11
		8 20
		8 5
		9 12
		9 20
		9 10
		9 14
		9 0
		10 11
		10 20
		11 6
		11 12
		11 19
		11 20
		11 21
		12 3
		12 11
		12 13
		13 14
		14 16
		14 18
		14 11
		14 1
		15 10
		15 14
		15 2
		15 6
		16 18
		16 19
		16 0
13
	added
	removed
		0 1
	edges
		0 5
		0 11
		1 2
		1 9
		1 12
		1 6
		1 4
		1 11
		1 5
		2 1
		2 7
		2 5
		2 11
		3 11
		4 5
		4 10
		4 11
		6 5
		6 7
		6 11
		7 2
		7 6
		7 8
		7 9
		7 4
		7 11
		7 5
		8 7
		8 11
		8 5
		9 1
		9 7
		9 5
		9 10
		9 11
		10 4
		10 11
		10 12
14
	added
	removed
		0 1
	edges
		0 1
		0 13
		1 0
		1 2
		1 12
		1 13
		1 8
		1 10
		1 6
		2 1
		2 3
		2 11
		2 13
		2 7
		2 9
		2 5
		3 4
		3 12
		3 6
		3 10
		3 13
		3 14
		4 5
		4 11
		4 13
		5 6
		5 10
		5 12
		6 5
		6 7
		6 14
		6 18
		6 13
		6 15
		7 6
		7 8
		7 15
		7 18
		7 17
		7 16
		7 12
		7 13
		7 14
		8 7
		8 9
		8 16
		8 17
		8 18
		8 14
		8 13
		9 8
		9 10
		9 15
		9 12
		10 9
		12 13
15
	added
	removed
		0 1
	edges
		0 1
		0 5
		1 0
		1 2
		2 1
		2 3
		2 5
		2 20
		2 13
		2 18
		3 2
		3 4
		3 12
		3 20
		3 13
		3 11
		3 18
		4 3
		4 5
		4 6
		4 18
		4 16
		4 21
		4 14
		5 0
		5 4
		6 4
		6 7
		6 11
		6 21
		6 18
		6 15
		6 14
		7 6
		7 8
		7 16
		7 21
		7 14
		7 18
		7 13
		8 7
		8 9
		8 15
		8 21
		8 13
		8 18
		8 19
		9 8
		9 10
		9 19
		9 12
		9 20
		9 16
		9 18
		9 21
		10 9
		10 11
		10 15
		10 20
		10 18
		11 6
		11 16
		12 13
		12 20
		12 15
		15 16
		16 18
16
	added
	removed
		0 1
	edges
		0 1
		0 5
		0 8
		0 10
		0 9
		0 6
		0 7
		0 3
		1 7
		1 10
		1 4
		1 9
		1 8
		1 6
		1 5
		2 10
		2 6
		2 9
		2 8
		2 7
		2 5
		3 4
		3 7
		3 10
		3 0
		3 8
		3 9
		3 2
		3 5
		3 6
		4 3
		4 5
		4 8
		4 9
		4 7
		4 10
		4 1
17
	added
	removed
		0 1
	edges
		0 1
		0 5
		0 13
		0 11
		0 8
		0 16
		0 7
		0 9
		0 15
		1 0
		1 2
		1 12
		1 10
		1 9
		1 16
		1 6
		1 15
		2 1
		2 3
		2 8
		2 16
		2 15
		2 13
		2 11
		2 5
		3 2
		3 4
		3 12
		3 14
		3 9
		3 8
		4 5
		4 6
		4 8
		4 9
		5 0
		5 4
		5 12
		5 16
		5 14
		6 4
		6 7
		6 9
		6 14
		6 16
		6 11
		6 15
		7 8
		7 10
		8 14
		8 15
		10 15
		11 6
		11 8
		12 11
		12 13
		12 6
		13 16
		14 16
18
	added
	removed
		0 1
	edges
		0 9
		0 5
		0 12
		0 11
		0 3
		0 10
		0 7
		1 0
		1 8
		1 12
		1 6
		1 4
		1 11
		1 10
		2 1
		2 5
		2 3
		2 12
		2 11
		2 10
		2 8
		2 7
		3 4
		3 12
		3 6
		3 11
		3 10
		4 3
		4 5
		4 10
		4 11
		4 12
		5 4
		5 6
		5 11
		5 10
		6 7
		6 5
		7 2
		7 4
		7 12
		7 11
		7 10
		7 0
		7 8
19
	added
	removed
		0 1
	edges
		0 1
		0 5
		0 10
		0 16
		0 15
		0 12
		0 14
		1 0
		1 2
		1 6
		1 13
		1 16
		1 15
		1 7
		2 1
		2 10
		2 7
		2 5
		2 14
		2 16
		2 12
		3 2
		3 8
		3 6
		3 13
		3 10
		3 17
		4 3
		4 5
		4 15
		4 1
		4 12
		4 7
		4 14
		5 0
		5 4
		5 6
		5 11
		5 9
		6 14
		8 9
		8 14
		8 11
		8 12
		9 10
		9 14
		9 15
		10 11
		10 13
		11 12
		12 17
		12 16
		12 15
		12 9
		13 12
		13 15
		13 16
		14 9
		14 13
		17 14
20
	added
	removed
		0 1
	edges
		0 1
		0 5
		0 13
		0 3
		0 11
		0 15
		0 17
		0 16
		0 7
		1 0
		1 2
		1 14
		1 8
		1 17
		1 12
		1 16
		1 13
		1 7
		2 9
		2 6
		2 11
		2 13
		2 5
		2 16
		2 7
		2 17
		2 3
		3 2
		3 4
		3 8
		3 17
		3 16
		4 3
		4 5
		4 16
		5 0
		5 4
		6 4
		6 7
		6 8
		6 0
		6 12
		6 17
		8 5
		9 2
		9 10
		9 14
		9 12
		9 17
		10 9
		10 16
		11 17
		12 16
		14 3
		14 6
21
	added
	removed
		0 1
	edges
		0 1
		0 8
		0 7
		0 3
		0 15
		0 13
		0 14
		1 0
		1 2
		1 6
		1 12
		1 13
		1 14
		2 1
		2 11
		2 7
		2 13
		2 14
		3 2
		3 4
		3 6
		3 15
		3 14
		3 12
		3 13
		4 3
		4 15
		4 13
		4 14
		5 0
		5 4
		5 6
		5 10
		5 12
		5 15
		5 3
		6 5
		6 13
		6 14
		7 6
		8 6
		8 4
		9 3
		9 2
		9 1
		10 9
		10 15
		10 1
		10 4
		10 0
		10 2
		10 11
		11 10
		11 12
		11 6
		12 14
22
	added
	removed
		0 1
	edges
		0 1
		0 5
		0 10
		0 16
		0 20
		0 8
		0 22
		0 21
		1 0
		1 2
		1 7
		1 11
		1 17
		1 15
		1 22
		1 19
		2 1
		2 3
		2 6
		2 10
		2 16
		2 18
		2 22
		3 2
		3 4
		3 9
		3 15
		3 22
		4 3
		4 5
		4 6
		4 22
		4 19
		5 0
		5 4
		5 9
		5 15
		5 21
		6 4
		6 11
		6 20
		6 15
		6 22
		7 12
		7 21
		8 7
		8 9
		8 17
		8 19
		8 21
		8 11
		9 3
		9 8
		9 10
		10 11
		10 15
		11 12
		11 16
		11 22
		12 15
		15 16
		15 19
		15 22
		16 15
		16 17
		17 8
		17 18
		17 20
		18 19
		19 15
		19 20
		20 21
		20 22
23
	added
	removed
		0 1
	edges
		0 1
		0 21
		1 0
		1 2
		1 20
		1 18
		2 1
		2 3
		2 19
		2 23
		2 21
		3 2
		3 4
		3 22
		3 8
		4 3
		4 5
		4 21
		4 19
		4 13
		4 23
		4 17
		4 1
		5 4
		5 6
		5 20
		5 18
		5 22
		5 14
		6 7
		6 26
		6 23
		7 24
		7 22
		8 7
		8 9
		8 21
		8 26
		8 17
		9 8
		9 10
		9 24
		9 0
		10 11
		10 17
		10 9
		11 12
		11 22
		11 0
		11 8
		11 10
		12 13
		12 9
		12 25
		13 14
		13 16
		13 0
		13 8
		14 13
		14 15
		14 23
		14 17
		14 26
		14 1
		14 21
		16 17
		17 0
		17 18
		17 8
		18 17
		18 19
		19 20
		20 5
		20 21
		21 8
		21 20
		21 22
		22 11
		22 21
		22 23
		22 13
		23 18
		24 25
		24 26
24
	added
	removed
		0 1
	edges
		0 1
		0 8
		0 7
		0 3
		0 15
		0 13
		0 14
		1 0
		1 2
		1 6
		1 12
		1 13
		1 14
		2 1
		2 11
		2 7
		2 13
		2 14
		3 2
		3 4
		3 6
		3 15
		3 14
		3 12
		3 13
		4 3
		4 15
		4 13
		4 14
		5 0
		5 4
		5 6
		5 10
		5 12
		5 15
		5 3
		6 5
		6 13
		6 14
		7 6
		8 6
		8 4
		9 3
		9 2
		9 1
		10 9
		10 15
		10 1
		10 4
		10 0
		10 2
		10 11
		11 10
		11 12
		11 6
		12 14
25
	added
	removed
		0 1
	edges
		0 5
		0 8
		0 10
		0 9
		0 12
		0 6
		0 7
		0 11
		0 3
		1 0
		1 9
		1 6
		1 12
		1 11
		1 10
		1 8
		1 7
		1 4
		2 1
		2 12
		2 11
		2 7
		2 10
		2 8
		2 9
		2 6
		3 2
		3 4
		3 9
		3 6
		3 11
		3 8
		3 7
		3 10
		4 3
		4 12
		4 11
		4 9
		4 6
		4 8
		4 7
		4 10
		5 4
26
	added
	removed
		0 1
	edges
		0 1
		0 5
		0 18
		0 14
		0 16
		0 21
		0 10
		0 12
		0 8
		0 20
		1 0
		1 2
		1 7
		1 19
		1 15
		1 21
		1 13
		1 22
		2 1
		2 3
		2 6
		2 18
		2 14
		2 16
		2 10
		2 20
		3 2
		3 4
		3 17
		3 19
		3 15
		4 3
		4 5
		4 6
		5 0
		5 4
		5 17
		5 13
		5 19
		5 22
		5 15
		5 9
		6 4
		6 7
		6 17
		7 6
		7 8
		7 16
		8 7
		8 9
		8 22
		9 8
		9 10
		9 20
		10 9
		10 11
		10 13
		10 22
		12 22
		13 20
		13 21
		14 13
		14 15
		15 10
		16 15
		17 16
		17 18
		18 19
		19 14
		19 20
		20 22
27
	added
	removed
		0 1
	edges
		0 1
		0 8
		0 7
		0 3
		0 15
		0 13
		0 14
		1 0
		1 2
		1 6
		1 12
		1 13
		1 14
		2 1
		2 11
		2 7
		2 13
		2 14
		3 2
		3 4
		3 6
		3 15
		3 14
		3 12
		3 13
		4 3
		4 15
		4 13
		4 14
		5 0
		5 4
		5 6
		5 10
		5 12
		5 15
		5 3
		6 5
		6 13
		6 14
		7 6
		8 6
		8 4
		9 3
		9 2
		9 1
		10 9
		10 15
		10 1
		10 4
		10 0
		10 2
		10 11
		11 10
		11 12
		11 6
		12 14
28
	added
	removed
		0 1
	edges
		0 1
		0 5
		0 8
		0 22
		0 16
		0 19
		0 3
		1 0
		1 2
		1 22
		1 6
		1 21
		1 15
		1 11
		2 1
		2 3
		2 12
		2 20
		2 21
		2 22
		2 9
		2 10
		2 14
		3 4
		3 9
		3 0
		3 16
		4 5
		4 11
		4 15
		5 0
		5 6
		5 9
		6 7
		6 8
		6 3
		6 20
		6 10
		6 12
		6 14
		6 5
		7 9
		8 6
		8 11
		8 13
		8 15
		9 11
		9 13
		10 9
		11 12
		11 16
		11 14
		12 2
		13 14
		13 20
		13 22
		14 13
		14 15
		14 22
		14 17
		14 19
		15 14
		15 17
		15 19
		16 15
		20 21
		20 22
		20 11
29
	added
	removed
		0 1
	edges
		0 1
		0 17
		0 21
		0 10
		1 0
		1 2
		1 19
		1 17
		1 21
		2 1
		2 3
		2 17
		2 18
		2 21
		2 22
		3 2
		3 4
		3 16
		3 12
		3 0
		4 3
		4 5
		4 11
		4 15
		4 21
		5 4
		5 6
		5 14
		5 17
		5 0
		5 12
		6 11
		7 6
		7 14
		7 19
		7 9
		8 7
		8 5
		8 1
		8 20
		8 18
		8 11
		8 10
		9 8
		9 10
		9 12
		9 0
		9 6
		10 9
		10 19
		10 20
		10 21
		10 18
		10 11
		11 10
		11 12
		12 11
		12 13
		12 18
		12 1
		13 14
		14 5
		14 15
		14 1
		15 0
		15 9
		16 17
		18 12
		18 19
		19 20
		19 21
		19 22
30
	added
	removed
		0 1
	edges
		0 1
		0 5
		0 18
		1 0
		1 2
		1 21
		1 18
		2 1
		2 3
		2 21
		2 20
		3 2
		3 4
		3 12
		3 19
		3 20
		3 21
		3 18
		4 3
		4 5
		4 6
		4 14
		4 18
		5 0
		5 4
		5 16
		6 4
		6 7
		6 11
		6 15
		6 13
		6 9
		7 8
		7 19
		7 20
		7 14
		7 10
		7 6
		7 4
		8 9
		8 13
		8 16
		8 11
		8 3
		9 10
		9 12
		9 14
		9 21
		9 20
		10 13
		10 3
		10 16
		11 12
		11 18
		11 8
		12 3
		13 12
		13 19
		13 18
		14 13
		14 16
		14 18
		15 14
		16 18
		19 20
		19 21
		19 9
		19 16
31
	added
	removed
		0 1
	edges
		0 1
		0 5
		0 19
		0 23
		0 22
		0 20
		0 14
		0 18
		1 0
		1 2
		1 18
		1 23
		1 20
		1 22
		1 19
		2 1
		2 3
		2 21
		2 20
		2 22
		2 23
		2 18
		3 2
		3 4
		3 18
		3 23
		3 20
		4 3
		4 5
		4 21
		4 20
		4 22
		4 18
		5 0
		5 4
		5 6
		5 22
		5 18
		5 20
		5 14
		5 19
		5 23
		6 5
		6 7
		6 11
		6 20
		6 22
		6 14
		6 9
		7 6
		7 8
		7 22
		7 20
		8 9
		8 17
		8 16
		8 15
		9 8
		9 10
		9 15
		9 16
		9 17
		9 20
		10 9
		10 11
		10 20
		11 6
		11 14
		21 23
32
	added
	removed
		0 1
	edges
		0 1
		0 5
		0 12
		0 11
		1 0
		1 2
		1 9
		1 12
		2 1
		2 3
		2 15
		2 7
		2 21
		2 12
		2 22
		3 2
		3 4
		3 13
		3 8
		3 21
		3 20
		3 12
		4 3
		4 5
		4 7
		5 0
		5 4
		5 6
		5 9
		5 12
		6 5
		6 7
		6 12
		7 8
		7 9
		8 7
		9 7
		9 10
		9 11
		9 12
		10 9
		11 9
		11 6
		13 3
		13 14
		13 18
		13 19
		13 20
		13 21
		14 13
		14 19
		14 17
		14 22
		15 2
		15 14
		15 16
		15 18
		15 19
		15 22
		15 6
		15 0
		16 15
		16 17
		16 19
		16 5
		16 13
		17 22
		17 21
		17 14
		18 20
		18 21
33
	added
	removed
		0 1
	edges
		0 9
		0 12
		0 7
		0 8
		0 11
		1 0
		1 6
		1 12
		1 8
		1 11
		1 4
		1 10
		2 1
		2 3
		2 9
		2 11
		2 5
		2 12
		2 10
		2 7
		2 8
		3 2
		3 4
		3 8
		3 6
		3 12
		3 11
		3 10
		3 0
		4 5
		4 12
		4 7
		4 11
		4 10
		4 8
		5 6
		5 10
		5 11
		5 8
		6 3
		6 12
		6 11
		6 8
		6 10
		7 8
		9 12
34
	added
	removed
		0 1
	edges
		0 1
		0 5
		0 9
		0 13
		0 14
		0 11
		0 15
		0 7
		1 0
		1 2
		1 6
		1 12
		1 14
		1 15
		2 1
		2 3
		2 9
		2 5
		2 14
		2 15
		3 2
		3 4
		3 7
		3 15
		3 14
		4 3
		4 5
		4 15
		4 14
		5 0
		5 4
		5 6
		5 8
		5 12
		5 15
		5 14
		6 5
		6 13
		6 15
		7 3
		7 8
		7 12
		7 15
		8 7
		8 9
		8 13
		8 15
		9 2
		9 14
		11 12
		11 15
		11 8
		12 14
		12 15
		13 12
35
	added
	removed
		0 1
	edges
		0 11
		0 12
		0 13
		0 7
		0 5
		1 0
		1 2
		1 10
		1 13
		1 12
		1 6
		1 8
		1 4
		1 11
		1 9
		2 1
		2 3
		2 9
		2 5
		2 12
		2 7
		2 11
		2 13
		3 4
		3 8
		3 12
		3 13
		3 11
		4 3
		4 5
		4 1
		4 12
		4 13
		4 11
		5 4
		5 6
		5 8
		5 12
		5 13
		6 5
		6 7
		6 12
		7 6
		7 8
		8 3
		8 7
		8 12
		8 13
		10 12
36
	added
	removed
		0 1
	edges
		0 1
		0 5
		0 7
		0 13
		0 16
		0 15
		1 0
		1 2
		1 6
		1 8
		1 13
		1 16
		1 12
		1 15
		2 1
		2 3
		2 9
		2 12
		2 11
		2 16
		2 15
		3 2
		3 4
		3 6
		3 10
		3 8
		3 14
		4 3
		4 5
		4 7
		4 14
		4 9
		5 0
		5 4
		5 13
		5 10
		6 7
		6 9
		7 8
		7 15
		8 9
		8 13
		9 10
		9 12
		9 16
		9 13
		9 15
		9 14
		10 9
		10 11
		10 16
		10 15
		10 13
		10 14
37
	added
	removed
		0 1
	edges
		0 5
		0 12
		1 0
		1 12
		2 1
		2 3
		2 11
		2 12
		3 2
		3 4
		3 6
		3 12
		4 3
		4 12
		4 7
		5 0
		5 4
		5 2
		5 12
		6 3
		6 7
		6 11
		6 1
		6 5
		6 12
		6 13
		7 6
		7 8
		7 10
		7 0
		7 4
		7 12
		7 2
		7 13
		8 7
		8 9
		8 5
		8 13
		8 12
		8 1
		9 8
		9 12
		9 13
		9 2
		10 9
		10 3
		10 12
		10 11
38
	added
	removed
		0 1
	edges
		0 1
		0 9
		0 7
		0 12
		0 14
		0 5
		0 6
		0 13
		1 0
		1 2
		1 8
		1 6
		1 10
		1 14
		1 4
		1 13
		1 5
		2 1
		2 3
		2 11
		2 5
		2 7
		2 9
		2 12
		2 14
		3 2
		3 4
		3 10
		3 13
		3 14
		3 8
		4 3
		4 5
		4 12
		4 13
		4 14
		4 9
		7 8
		7 10
		8 9
		9 4
		9 10
		9 8
		10 12
		10 7
		12 13
		12 14
39
	added
	removed
		0 1
	edges
		0 1
		0 5
		0 10
		0 8
		0 12
		0 11
		0 7
		0 9
		1 0
		1 2
		1 7
		1 12
		1 9
		1 11
		1 8
		2 1
		2 3
		2 6
		2 10
		2 11
		2 8
		2 7
		2 12
		2 9
		2 5
		3 4
		3 9
		3 11
		3 12
		3 7
		3 8
		4 5
		4 6
		4 9
		4 12
		4 11
		4 7
		5 0
		5 12
		5 11
		5 7
		5 8
		5 9
		6 7
40
	added
	removed
		0 1
	edges
		0 1
		0 8
		0 7
		0 3
		0 15
		0 13
		0 14
		1 0
		1 2
		1 6
		1 12
		1 13
		1 14
		2 1
		2 11
		2 7
		2 13
		2 14
		3 2
		3 4
		3 6
		3 15
		3 14
		3 12
		3 13
		4 3
		4 15
		4 13
		4 14
		5 0
		5 4
		5 6
		5 10
		5 12
		5 15
		5 3
		6 5
		6 13
		6 14
		7 6
		8 6
		8 4
		9 3
		9 2
		9 1
		10 9
		10 15
		10 1
		10 4
		10 0
		10 2
		10 11
		11 10
		11 12
		11 6
		12 14
41
	added
	removed
		0 1
	edges
		0 8
		0 5
		0 11
		0 9
		0 6
		0 12
		1 0
		1 2
		1 9
		1 6
		1 3
		1 10
		1 5
		1 11
		1 8
		1 7
		1 12
		2 3
		2 12
		2 7
		2 8
		2 6
		2 11
		2 9
		2 10
		3 8
		3 6
		4 12
		4 11
		4 6
		5 6
		5 10
		5 8
		5 11
		5 12
		7 6
		7 8
		8 7
		8 9
		8 6
		9 8
		9 6
		10 5
		10 11
		10 12
		10 9
		10 6
42
	added
	removed
		0 1
	edges
		0 5
		0 14
		0 10
		0 16
		1 0
		1 2
		1 4
		1 9
		1 13
		1 16
		1 15
		1 11
		2 1
		2 3
		2 15
		2 6
		2 5
		2 8
		3 2
		3 4
		3 12
		3 16
		3 9
		4 3
		4 5
		4 6
		4 14
		4 17
		4 16
		4 18
		4 12
		5 4
		5 17
		6 4
		6 7
		6 11
		6 15
		6 9
		6 17
		7 6
		7 8
		7 18
		7 14
		8 7
		8 9
		8 13
		8 15
		8 17
		9 8
		9 12
		9 14
		10 9
		11 6
		11 12
		11 10
		12 11
		12 15
		14 16
		14 17
		15 14
		18 17
43
	added
	removed
		0 1
	edges
		0 1
		0 5
		0 10
		0 12
		0 16
		0 3
		0 8
		0 6
		0 13
		1 0
		1 2
		1 7
		1 11
		1 14
		1 16
		1 15
		1 10
		2 1
		2 3
		2 6
		2 10
		2 12
		2 16
		2 15
		2 8
		3 2
		3 4
		3 9
		3 11
		3 14
		3 13
		4 3
		4 6
		4 8
		5 0
		5 4
		5 14
		5 13
		6 7
		6 11
		7 8
		7 10
		7 12
		7 16
		8 13
		8 14
		9 15
		11 12
		11 16
		12 14
		14 15
		14 16
44
	added
	removed
		0 1
	edges
		0 1
		0 5
		0 8
		0 3
		0 11
		0 10
		0 7
		0 6
		0 9
		1 2
		1 11
		1 6
		1 10
		1 4
		1 9
		1 8
		1 7
		2 3
		2 9
		2 10
		2 7
		2 11
		2 8
		3 2
		3 9
		3 10
		3 7
		3 11
		3 8
		4 3
		4 9
		4 8
		4 11
		4 10
		4 7
		5 8
		5 11
		5 10
		5 7
		5 6
		5 9
45
	added
	removed
		0 1
	edges
		0 1
		0 9
		0 21
		0 16
		0 15
		0 17
		0 18
		1 0
		1 2
		1 8
		1 21
		1 18
		1 14
		1 17
		1 12
		1 19
		1 22
		2 1
		2 3
		2 7
		2 20
		2 16
		2 13
		2 5
		2 19
		2 15
		2 22
		2 11
		3 4
		3 19
		3 14
		3 22
		3 21
		3 12
		4 22
		4 15
		4 20
		5 4
		5 6
		5 19
		5 21
		6 5
		6 7
		6 15
		6 22
		6 16
		7 2
		7 6
		7 8
		7 4
		7 12
		7 21
		7 17
		8 7
		8 9
		8 13
		8 11
		8 16
		9 0
		9 8
		9 10
		9 17
		9 6
		11 12
		12 16
		13 12
		14 13
		14 11
		15 6
		15 14
		15 8
		16 17
		20 21
46
	added
	removed
		0 1
	edges
		0 1
		0 5
		0 21
		0 17
		0 20
		0 11
		0 14
		0 13
		0 19
		0 7
		0 16
		1 2
		1 19
		1 10
		1 21
		1 8
		1 20
		1 12
		1 17
		1 16
		1 4
		1 6
		2 3
		2 9
		2 7
		2 20
		2 17
		2 11
		2 18
		2 5
		2 14
		3 4
		3 18
		3 6
		3 10
		4 5
		4 9
		4 17
		4 11
		5 0
		5 4
		5 6
		5 18
		5 10
		5 15
		5 12
		5 8
		5 21
		5 17
		6 5
		6 7
		7 6
		7 8
		8 7
		8 9
		8 13
		9 4
		9 8
		9 10
		10 11
		11 12
		12 13
		12 14
		14 15
		14 16
47
	added
	removed
		0 1
	edges
		0 1
		0 13
		0 7
		0 15
		0 16
		0 14
		1 2
		1 10
		1 13
		1 14
		1 6
		1 15
		2 1
		2 3
		2 13
		2 9
		2 14
		2 5
		2 11
		2 7
		2 16
		2 15
		3 2
		3 4
		3 12
		3 0
		3 6
		3 8
		3 10
		3 16
		3 15
		3 14
		4 5
		4 11
		4 16
		4 15
		5 6
		5 10
		5 16
		6 7
		6 16
		6 15
		6 14
		7 6
		7 14
		7 15
		7 16
		8 7
		10 11
		10 7
		11 6
		12 7
		12 1
48
	added
	removed
		0 1
	edges
		0 1
		0 5
		0 8
		0 16
		0 10
		0 15
		0 19
		0 9
		1 0
		1 2
		1 9
		1 6
		1 15
		1 14
		1 19
		2 1
		2 3
		2 16
		2 14
		2 10
		2 7
		2 15
		2 19
		2 9
		3 2
		3 4
		3 9
		3 15
		3 6
		3 14
		3 19
		4 3
		4 5
		4 16
		4 14
		4 10
		4 15
		5 0
		5 4
		5 6
		5 15
		5 11
		5 14
		6 5
		6 7
		6 8
		6 19
		6 3
		7 6
		8 6
		8 4
		8 11
		8 15
		10 9
		10 15
		10 19
		10 14
		11 10
		11 19
		11 14
		16 15
49
	added
	removed
		0 1
	edges
		0 12
		0 10
		0 13
		0 14
		1 0
		1 11
		1 8
		1 15
		1 14
		1 12
		1 10
		2 1
		2 3
		2 7
		2 13
		2 14
		2 15
		2 10
		2 9
		2 11
		2 12
		3 2
		3 4
		3 11
		3 14
		3 8
		3 9
		3 15
		3 10
		3 12
		3 0
		4 5
		4 7
		4 9
		4 13
		4 15
		4 14
		4 10
		4 12
		5 6
		5 14
		5 0
		5 2
		5 9
		5 11
		5 15
		6 7
		7 2
		7 0
		7 15
		7 12
		7 10
		8 9
		13 15
50
	added
	removed
		0 1
	edges
		0 1
		0 9
		0 24
		0 23
		1 2
		1 23
		1 8
		1 25
		1 24
		1 22
		1 10
		2 1
		2 3
		2 7
		2 25
		2 11
		2 22
		2 20
		2 23
		3 2
		3 4
		3 23
		3 10
		3 12
		3 24
		3 20
		3 22
		3 25
		4 3
		4 5
		4 7
		4 24
		4 9
		4 22
		4 25
		5 4
		5 6
		5 0
		5 24
		5 23
		6 5
		6 7
		6 15
		6 1
		6 24
		7 2
		7 6
		7 8
		7 12
		7 20
		7 22
		8 7
		8 9
		8 13
		8 11
		9 0
		9 8
		9 10
		10 9
		10 11
		11 10
		11 12
		12 11
		12 13
		12 20
		12 22
		13 8
		13 12
		13 14
		13 10
		14 13
		14 15
		14 19
		14 11
		15 6
		15 14
		15 8
		15 24
		15 10
		16 13
		19 10
51
	added
	removed
		0 1
	edges
		0 1
		0 13
		0 14
		0 9
		1 0
		1 2
		1 12
		1 17
		1 15
		2 1
		2 3
		2 11
		2 16
		2 13
		3 2
		3 4
		3 25
		3 12
		3 24
		3 15
		4 3
		4 5
		4 23
		4 11
		4 24
		4 25
		4 13
		4 9
		5 4
		5 6
		5 0
		5 15
		6 5
		6 7
		6 23
		6 25
		6 24
		6 14
		6 13
		7 6
		7 8
		7 10
		7 25
		7 20
		7 22
		7 24
		7 12
		8 7
		8 9
		8 20
		8 22
		8 11
		8 13
		9 8
		9 10
		9 15
		10 5
		10 9
		10 11
		10 22
		10 1
		10 14
		10 13
		11 2
		11 10
		11 12
		12 13
		13 0
		13 12
		14 12
		14 15
		15 9
		16 15
		17 14
		18 19
		18 12
		19 14
		23 24
52
	added
	removed
		0 1
	edges
		0 1
		0 5
		0 8
		0 15
		0 16
		0 10
		0 17
		0 3
		0 12
		1 2
		1 6
		1 16
		1 9
		1 11
		1 12
		2 3
		2 11
		3 2
		3 4
		3 9
		3 15
		4 3
		5 4
		5 6
		5 15
		5 17
		5 9
		5 11
		5 2
		5 16
		6 7
		6 8
		6 3
		6 10
		6 14
		6 15
		6 16
		6 17
		7 9
		8 6
		8 4
		9 3
		9 10
		10 9
		10 11
		10 15
		10 17
		11 10
		11 12
		11 14
		11 15
		12 11
		12 15
		12 18
		13 12
		13 18
		14 13
		14 16
		14 17
		14 9
		14 11
		14 18
53
	added
	removed
		0 1
	edges
		0 1
		0 5
		0 8
		0 16
		0 10
		0 17
		0 3
		0 9
		0 12
		0 14
		0 18
		1 0
		1 2
		1 9
		1 6
		1 15
		1 13
		1 16
		1 17
		1 18
		1 4
		2 1
		2 3
		2 16
		2 14
		2 12
		2 7
		2 18
		3 2
		3 9
		3 15
		3 13
		3 18
		3 6
		3 4
		3 17
		4 3
		4 16
		4 17
		4 12
		5 0
		5 4
		5 6
		5 15
		5 13
		5 18
		6 5
		6 7
		6 8
		6 17
		6 14
		7 6
		8 4
		12 18
		13 12
		13 17
		14 13
		15 14
54
	added
	removed
		0 1
	edges
		0 7
		0 11
		0 12
		0 13
		1 0
		1 2
		1 8
		1 12
		1 13
		1 6
		2 1
		2 3
		2 7
		2 13
		2 12
		2 8
		3 2
		3 4
		3 10
		3 13
		3 8
		3 12
		3 0
		3 6
		4 3
		4 5
		4 9
		4 11
		4 12
		4 1
		4 8
		4 13
		4 7
		5 6
		5 12
		5 10
		5 13
		5 8
		6 1
		6 12
		9 10
		9 6
		9 0
		9 13
		9 2
		9 12
		10 1
		10 11
		11 12
		11 13
55
	added
	removed
		0 1
	edges
		0 1
		0 12
		0 6
		0 15
		0 10
		0 3
		0 16
		0 13
		0 8
		1 2
		1 7
		1 16
		1 9
		1 15
		1 4
		1 13
		2 3
		2 6
		2 8
		2 16
		2 13
		3 13
		3 9
		3 15
		4 3
		4 5
		4 6
		4 10
		4 15
		4 16
		4 8
		4 13
		5 0
		5 4
		5 13
		5 11
		5 9
		5 15
		5 16
		5 2
		5 7
		6 4
		6 7
		6 13
		6 16
		7 6
		7 8
		7 10
		8 9
		8 16
		9 16
		9 15
		10 9
		10 15
		10 16
		11 10
		12 13
56
	added
	removed
		0 1
	edges
		0 1
		0 5
		0 11
		0 14
		0 20
		0 3
		0 19
		1 0
		1 2
		1 20
		1 12
		1 10
		1 14
		1 4
		1 13
		2 1
		2 3
		2 18
		2 13
		2 19
		2 11
		2 20
		3 2
		3 19
		3 12
		3 20
		4 3
		5 4
		5 6
		5 12
		6 7
		6 20
		6 3
		6 11
		7 6
		7 8
		7 20
		7 12
		7 13
		7 4
		8 7
		8 9
		8 1
		8 15
		8 13
		8 17
		8 11
		8 3
		9 8
		9 10
		9 15
		9 2
		9 17
		9 12
		9 4
		10 9
		10 11
		10 3
		11 4
		12 11
57
	added
	removed
		0 1
	edges
		0 1
		0 9
		0 24
		0 7
		0 23
		0 21
		0 13
		0 14
		0 20
		1 0
		1 2
		1 8
		1 19
		1 24
		1 6
		1 23
		1 4
		1 21
		1 12
		1 14
		1 17
		2 3
		2 18
		2 16
		2 7
		2 5
		2 13
		2 21
		2 20
		2 22
		3 4
		3 8
		3 19
		3 21
		3 15
		3 12
		4 3
		4 5
		4 16
		4 18
		4 23
		4 13
		5 4
		5 6
		5 12
		6 5
		6 7
		7 6
		7 8
		7 12
		8 3
		8 7
		8 9
		9 0
		9 8
		9 10
		9 14
		10 9
		10 11
		11 10
		11 12
		12 7
		12 11
		12 13
		13 12
		13 14
		15 13
		16 21
		16 22
		16 12
		17 18
		18 19
		18 12
		19 20
		19 24
		19 23
		20 21
		20 23
58
	added
	removed
		0 1
	edges
		0 1
		0 5
		0 10
		0 18
		0 22
		0 21
		1 0
		1 2
		1 19
		1 7
		1 21
		1 22
		2 1
		2 3
		2 6
		2 10
		3 2
		3 4
		3 9
		3 21
		4 3
		4 5
		4 6
		4 11
		4 21
		5 0
		5 4
		5 9
		5 17
		5 20
		5 22
		6 4
		6 7
		6 19
		6 12
		6 22
		7 6
		7 8
		7 10
		7 22
		7 21
		8 7
		8 9
		8 13
		8 18
		8 21
		8 11
		9 3
		9 8
		9 10
		9 22
		9 15
		10 9
		10 11
		10 19
		10 20
		11 10
		11 17
		11 21
		12 11
		12 22
		12 18
		12 9
		13 12
		13 15
		15 11
		15 18
		17 11
		17 22
		18 20
		18 21
		19 10
		19 18
		20 22
59
	added
	removed
		0 1
	edges
		0 9
		0 7
		0 10
		0 8
		0 13
		1 0
		1 8
		1 11
		1 18
		1 6
		1 15
		1 9
		2 1
		2 3
		2 7
		2 18
		2 10
		2 14
		2 11
		2 8
		2 13
		2 15
		2 9
		3 2
		3 18
		3 12
		3 14
		3 17
		3 8
		3 16
		4 3
		4 5
		4 16
		4 10
		4 13
		4 17
		4 15
		4 14
		4 18
		4 11
		4 8
		5 4
		5 8
		5 15
		5 18
		5 11
		5 16
		5 17
		6 5
		6 13
		7 2
		7 6
		7 15
		7 4
		10 8
		10 11
		12 10
		13 14
		13 15
60
	added
	removed
		0 1
	edges
		0 1
		0 8
		0 7
		0 3
		0 15
		0 13
		0 14
		1 0
		1 2
		1 6
		1 12
		1 13
		1 14
		2 1
		2 11
		2 7
		2 13
		2 14
		3 2
		3 4
		3 6
		3 15
		3 14
		3 12
		3 13
		4 3
		4 15
		4 13
		4 14
		5 0
		5 4
		5 6
		5 10
		5 12
		5 15
		5 3
		6 5
		6 13
		6 14
		7 6
		8 6
		8 4
		9 3
		9 2
		9 1
		10 9
		10 15
		10 1
		10 4
		10 0
		10 2
		10 11
		11 10
		11 12
		11 6
		12 14
61
	added
	removed
		0 1
	edges
		0 1
		0 5
		0 8
		0 10
		0 9
		0 3
		0 6
		0 7
		1 0
		1 2
		1 9
		1 6
		1 10
		1 4
		1 7
		1 8
		2 1
		2 3
		2 10
		2 7
		2 9
		2 6
		2 8
		3 4
		3 9
		3 10
		3 7
		3 6
		4 10
		4 9
		4 7
		4 6
		5 0
		5 10
		5 4
		5 9
		5 7
62
	added
	removed
		0 1
	edges
		0 4
		0 21
		0 10
		1 0
		1 22
		1 21
		1 5
		1 20
		1 9
		1 11
		2 1
		2 3
		2 20
		2 21
		2 6
		2 10
		3 2
		3 4
		3 7
		3 11
		4 3
		4 5
		4 21
		4 9
		5 4
		5 6
		6 5
		6 7
		7 6
		7 9
		9 7
		9 10
		10 9
		10 11
		11 10
		11 12
		12 11
		12 16
		13 12
		13 9
		14 13
		14 19
		14 12
		14 11
		14 7
		14 21
		15 14
		15 16
		15 17
		15 11
		15 6
		15 9
		15 10
		15 4
		15 21
		16 12
		16 15
		16 10
		16 7
		16 21
		17 15
		17 18
		17 10
		17 3
		17 5
		19 17
		19 4
		22 3
63
	added
	removed
		0 1
	edges
		0 1
		0 5
		0 8
		0 10
		0 15
		0 3
		0 18
		0 19
		0 17
		1 0
		1 2
		1 6
		1 9
		1 16
		1 18
		1 17
		2 1
		2 3
		2 12
		2 17
		3 2
		3 4
		3 9
		4 3
		4 5
		5 0
		5 4
		5 9
		5 14
		5 16
		5 19
		6 5
		6 7
		6 8
		6 3
		6 10
		6 11
		6 18
		7 9
		8 6
		8 4
		8 9
		9 3
		9 11
		9 15
		9 18
		10 9
		10 17
		11 9
		11 16
		11 18
		12 2
		12 11
		12 13
		12 15
		13 16
		14 19
		14 11
		14 3
		15 14
		15 17
		15 18
		15 12
		16 3
64
	added
	removed
		0 1
	edges
		0 1
		0 5
		0 10
		0 12
		0 15
		0 14
		1 0
		1 2
		1 15
		1 12
		1 14
		1 13
		2 1
		2 3
		2 6
		2 10
		2 15
		2 14
		2 12
		2 13
		3 2
		3 4
		3 9
		3 7
		3 12
		3 13
		3 14
		3 15
		4 3
		4 5
		4 6
		4 8
		4 10
		4 14
		4 12
		5 0
		5 4
		5 9
		5 15
		5 7
		5 12
		5 13
		5 14
		6 15
		6 13
		7 13
		7 14
		7 15
		7 10
		8 7
		10 12
65
	added
	removed
		0 1
	edges
		0 1
		0 5
		0 9
		0 3
		0 6
		0 14
		0 15
		0 13
		0 12
		1 2
		1 14
		1 8
		1 7
		2 3
		2 9
		2 6
		3 8
		3 10
		3 15
		4 3
		4 5
		4 6
		4 11
		4 13
		4 15
		4 14
		5 0
		5 10
		5 8
		5 4
		5 2
		5 13
		5 15
		5 12
		5 14
		5 7
		6 4
		6 7
		6 8
		6 13
		6 15
		7 6
		8 6
		8 5
		9 2
		9 10
		9 14
		9 4
		10 9
		10 5
		11 14
		11 13
		11 15
66
	added
	removed
		0 1
	edges
		0 1
		0 16
		1 0
		1 2
		1 19
		2 1
		2 3
		2 19
		2 18
		3 2
		3 4
		3 12
		3 17
		3 18
		3 0
		3 13
		4 3
		4 5
		4 6
		4 14
		4 16
		4 0
		4 19
		5 0
		6 4
		6 7
		6 15
		6 16
		6 19
		6 1
		6 9
		6 11
		7 8
		7 17
		7 2
		7 10
		7 14
		7 6
		7 12
		8 9
		8 13
		8 18
		8 11
		8 15
		9 10
		9 12
		9 14
		9 2
		10 15
		10 3
		11 6
		11 10
		12 3
		12 11
		13 12
		13 17
		14 13
		14 16
		15 14
		17 18
		17 19
		17 11
		17 9
		17 3
67
	added
	removed
		0 1
	edges
		0 1
		0 5
		0 18
		0 14
		0 16
		0 8
		0 10
		0 22
		0 12
		1 0
		1 2
		1 7
		1 19
		1 15
		1 9
		1 22
		1 16
		1 12
		2 1
		2 3
		2 6
		2 18
		2 14
		2 16
		2 10
		2 20
		2 12
		3 2
		3 4
		3 17
		3 19
		3 15
		3 22
		4 3
		4 5
		4 6
		4 14
		4 18
		4 16
		4 10
		5 0
		5 4
		5 17
		5 13
		5 19
		5 15
		5 9
		6 4
		6 7
		6 17
		7 6
		7 8
		7 16
		8 7
		8 9
		9 8
		10 9
		10 11
		10 22
		11 12
		11 21
		13 10
		14 15
		15 10
		15 16
		17 16
		17 18
		18 19
		19 14
		20 22
68
	added
	removed
		0 1
	edges
		0 1
		0 5
		0 14
		0 16
		0 17
		0 9
		0 12
		0 7
		1 0
		1 2
		1 8
		1 11
		1 17
		1 14
		1 15
		1 18
		1 10
		2 1
		2 3
		2 15
		2 6
		2 18
		2 12
		2 16
		2 7
		3 2
		3 4
		3 9
		3 8
		3 18
		3 16
		3 7
		4 3
		4 5
		4 6
		4 18
		5 0
		5 4
		5 9
		5 16
		5 18
		5 8
		6 7
		6 8
		6 9
		8 5
		8 10
		8 17
		9 3
		9 10
		9 12
		9 16
		9 6
		10 9
		10 8
		11 12
		12 16
		12 17
		12 18
		14 9
		14 7
69
	added
	removed
		0 1
	edges
		0 1
		0 5
		0 8
		0 13
		0 9
		0 10
		0 11
		1 0
		1 2
		1 6
		1 11
		1 10
		1 8
		1 7
		1 13
		1 9
		2 1
		2 3
		2 13
		2 7
		2 11
		2 10
		2 9
		3 2
		3 9
		3 6
		3 11
		3 10
		3 7
		3 13
		3 8
		4 3
		4 9
		4 11
		4 10
		4 8
		5 0
		5 4
		5 6
		5 11
		5 2
		5 8
		5 13
		6 7
		6 8
70
	added
	removed
		0 1
	edges
		0 1
		0 9
		0 19
		0 13
		0 22
		0 7
		0 11
		1 0
		1 2
		1 8
		1 18
		1 14
		1 12
		2 3
		2 7
		2 25
		2 17
		2 11
		2 19
		3 2
		3 4
		3 16
		3 25
		3 10
		3 18
		3 14
		4 3
		4 5
		4 15
		4 25
		4 24
		4 19
		4 17
		5 4
		5 6
		5 25
		5 10
		6 5
		6 7
		6 15
		6 24
		6 3
		6 9
		6 17
		7 2
		7 6
		7 23
		7 12
		7 20
		7 22
		8 7
		8 9
		9 0
		9 14
		9 8
		10 9
		10 11
		11 10
		11 12
		12 11
		12 20
		12 22
		13 8
		13 12
		14 13
		14 15
		14 11
		15 6
		15 14
		15 16
		15 0
		16 17
		17 18
		18 19
		19 14
		23 24
		23 25
71
	added
	removed
		0 1
	edges
		0 1
		0 5
		0 9
		0 7
		0 15
		0 14
		0 3
		0 6
		0 4
		1 0
		1 2
		1 8
		1 4
		1 12
		1 14
		1 6
		2 1
		2 14
		2 4
		3 2
		3 4
		3 8
		3 14
		4 14
		5 0
		5 4
		5 10
		5 15
		5 6
		5 12
		5 8
		7 6
		7 12
		7 11
		7 14
		7 2
		7 13
		8 3
		8 7
		8 6
		8 14
		9 8
		9 12
		9 14
		10 9
		10 11
		10 15
		10 4
		10 14
		11 10
		11 13
		11 14
		11 3
		11 6
		12 11
		12 4
72
	added
	removed
		0 1
	edges
		0 1
		0 5
		0 15
		0 8
		0 10
		0 12
		0 9
		0 14
		1 0
		1 2
		1 7
		1 15
		1 12
		1 9
		1 8
		2 1
		2 3
		2 6
		2 15
		2 10
		2 12
		2 11
		2 9
		3 2
		3 4
		3 13
		3 11
		3 12
		3 14
		3 15
		4 3
		4 5
		4 10
		4 14
		4 12
		4 15
		4 9
		5 0
		5 13
		5 12
		5 15
		5 9
		5 8
		6 4
		6 7
		6 11
		6 0
		6 12
		7 5
		13 14
73
	added
	removed
		0 1
	edges
		0 1
		0 9
		0 5
		0 19
		0 11
		1 0
		1 2
		1 8
		1 6
		1 19
		2 1
		2 3
		2 7
		3 2
		3 4
		4 3
		4 5
		5 4
		5 6
		6 5
		6 7
		6 11
		7 2
		7 6
		7 8
		8 7
		8 9
		8 10
		8 3
		8 19
		9 0
		9 8
		9 4
		10 8
		10 11
		10 19
		10 4
		11 6
		11 10
		11 12
		11 19
		12 11
		12 13
		12 19
		12 4
		12 22
		13 12
		13 14
		13 18
		13 22
		13 10
		13 9
		13 3
		13 19
		13 1
		14 13
		14 15
		14 22
		14 21
		14 20
		14 11
		14 8
		15 14
		15 20
		15 21
		15 22
		15 6
		16 15
		16 5
		18 13
		18 19
		18 0
		18 2
74
	added
	removed
		0 1
	edges
		0 1
		0 5
		0 11
		0 17
		0 14
		0 9
		0 15
		0 3
		0 7
		1 0
		1 2
		1 17
		1 10
		1 15
		1 8
		1 14
		1 12
		2 1
		2 16
		2 17
		2 14
		2 7
		2 5
		3 2
		3 4
		3 16
		3 8
		3 15
		3 6
		3 14
		4 3
		4 5
		4 15
		4 16
		4 14
		5 0
		5 4
		5 6
		5 13
		5 8
		6 5
		6 7
		6 13
		6 12
		7 12
		7 14
		8 7
		8 14
		9 12
		10 9
		10 3
		10 7
		10 12
		11 6
		11 10
		11 4
75
	added
	removed
		0 1
	edges
		0 1
		0 5
		0 7
		0 9
		0 6
		0 8
		0 3
		1 7
		1 8
		1 9
		1 4
		1 6
		1 0
		2 3
		2 6
		2 9
		2 7
		2 8
		3 4
		3 9
		3 8
		3 7
		4 7
		5 0
		5 4
		5 9
		5 6
		5 8
		5 7
76
	added
	removed
		0 1
	edges
		0 5
		0 15
		0 8
		0 14
		1 0
		1 7
		1 14
		1 8
		1 15
		2 1
		2 6
		2 15
		2 8
		2 10
		2 14
		2 5
		2 12
		3 2
		3 4
		3 15
		3 11
		3 9
		3 12
		3 8
		3 0
		3 14
		4 3
		4 5
		4 6
		4 10
		4 15
		4 12
		4 8
		4 14
		5 15
		5 9
		5 14
		5 8
		6 4
		6 9
		6 12
		6 15
		7 8
		9 8
		10 9
		10 12
		10 14
		11 10
77
	added
	removed
		0 1
	edges
		0 7
		0 9
		0 3
		0 5
		0 15
		0 14
		0 13
		1 0
		1 12
		1 15
		1 14
		1 4
		1 13
		2 3
		2 5
		2 7
		2 11
		2 14
		3 2
		3 4
		4 3
		4 5
		5 4
		5 6
		5 14
		6 5
		6 7
		6 13
		6 9
		7 6
		7 8
		7 12
		7 2
		7 10
		7 4
		7 13
		8 9
		8 3
		9 10
		9 15
		9 14
		9 12
		9 4
		10 9
		10 11
		10 13
		10 14
		10 15
		10 3
		10 7
		10 5
		11 12
		11 4
		12 7
78
	added
	removed
		0 1
	edges
		0 1
		0 12
		0 6
		0 15
		0 10
		0 3
		0 16
		0 13
		0 8
		1 2
		1 7
		1 16
		1 9
		1 15
		1 4
		1 13
		2 3
		2 6
		2 8
		2 16
		2 13
		3 13
		3 9
		3 15
		4 3
		4 5
		4 6
		4 10
		4 15
		4 16
		4 8
		4 13
		5 0
		5 4
		5 13
		5 11
		5 9
		5 15
		5 16
		5 2
		5 7
		6 4
		6 7
		6 13
		6 16
		7 6
		7 8
		7 10
		8 9
		8 16
		9 16
		9 15
		10 9
		10 15
		10 16
		11 10
		12 13
79
	added
	removed
		0 1
	edges
		0 1
		0 9
		0 5
		0 18
		0 17
		1 0
		1 2
		1 8
		1 18
		1 17
		2 1
		2 3
		2 7
		2 17
		3 2
		3 4
		3 18
		4 3
		4 5
		4 18
		5 4
		5 6
		5 18
		5 17
		6 5
		6 7
		6 11
		6 16
		6 17
		6 18
		6 0
		6 2
		7 2
		7 6
		7 8
		7 17
		7 18
		8 7
		8 9
		8 10
		8 3
		8 5
		8 17
		9 0
		9 8
		9 4
		9 6
		10 8
		10 11
		10 15
		10 4
		10 17
		10 2
		11 10
		11 3
		11 18
		11 1
		11 9
		11 5
		12 11
		12 18
		12 15
		15 5
		16 17
		16 10
		16 5
80
	added
	removed
		0 1
	edges
		0 1
		0 5
		0 3
		0 8
		0 6
		0 11
		0 10
		0 7
		0 9
		0 4
		1 0
		1 2
		1 11
		1 8
		1 10
		1 4
		1 7
		1 9
		1 6
		2 1
		2 3
		2 9
		2 6
		2 10
		2 8
		2 11
		2 7
		2 5
		3 2
		3 4
		3 8
		3 9
		3 11
		3 7
		3 10
		5 0
		5 11
		5 6
		5 7
		5 9
		5 4
81
	added
	removed
		0 1
	edges
		0 1
		0 5
		0 10
		0 23
		1 0
		1 2
		1 17
		1 9
		2 1
		2 3
		2 17
		2 19
		3 2
		3 4
		3 12
		3 16
		3 17
		3 18
		3 13
		4 3
		4 5
		4 6
		4 18
		4 14
		4 17
		4 10
		4 21
		4 23
		5 0
		5 4
		5 15
		5 23
		5 13
		6 4
		6 7
		6 11
		6 24
		6 16
		6 21
		6 15
		6 9
		6 23
		7 6
		7 8
		7 14
		7 24
		7 21
		7 10
		7 17
		8 7
		8 9
		8 15
		8 24
		8 13
		8 19
		8 21
		9 8
		9 10
		9 22
		9 12
		9 23
		9 19
		10 9
		10 23
		11 6
		11 10
		11 12
		12 3
		12 11
		12 13
		12 23
		12 19
		13 19
		13 21
		14 13
		16 17
		22 24
82
	added
	removed
		0 1
	edges
		0 12
		0 3
		0 7
		0 13
		0 14
		0 15
		0 11
		1 0
		1 2
		1 11
		1 13
		1 8
		1 4
		1 14
		1 15
		1 7
		2 1
		2 3
		2 10
		2 14
		2 15
		2 8
		2 5
		2 7
		3 2
		3 4
		3 11
		3 6
		3 9
		3 15
		3 14
		3 10
		3 13
		3 8
		3 7
		4 5
		4 10
		4 8
		4 14
		4 15
		5 10
		5 8
		6 5
		6 7
		6 15
		6 9
		6 14
		6 13
		6 11
		7 8
		7 13
		7 14
		7 15
		8 7
		9 8
		10 11
		11 7
83
	added
	removed
		0 1
	edges
		0 1
		0 7
		0 8
		0 6
		0 10
		0 9
		1 0
		1 2
		1 6
		1 8
		1 7
		1 10
		1 9
		1 5
		2 1
		2 3
		2 7
		2 5
		2 8
		2 10
		2 9
		2 6
		3 2
		3 4
		3 6
		3 8
		3 7
		3 10
		3 9
		3 5
		4 3
		4 5
		4 10
		4 7
		4 6
84
	added
	removed
		0 1
	edges
		0 1
		0 5
		0 18
		0 12
		0 20
		0 22
		0 21
		0 11
		0 9
		1 0
		1 2
		1 13
		1 19
		1 22
		1 21
		1 9
		2 1
		2 3
		2 6
		2 18
		2 14
		2 21
		2 15
		3 2
		3 4
		3 17
		3 19
		3 13
		4 3
		4 5
		4 6
		4 20
		4 16
		4 12
		4 18
		5 0
		5 4
		5 17
		5 19
		5 22
		5 11
		5 21
		6 4
		6 13
		6 21
		8 9
		8 17
		8 4
		12 11
		12 13
		13 8
		13 12
		13 14
		13 6
		13 16
		13 18
		14 13
		15 14
		15 16
		15 19
		16 15
		16 17
		16 4
		16 13
		17 18
		18 19
		18 21
		19 15
		19 20
		20 21
		20 22
85
	added
	removed
		0 1
	edges
		0 1
		0 17
		0 10
		1 0
		1 2
		1 19
		1 17
		2 1
		2 3
		2 17
		2 18
		2 20
		2 22
		3 2
		3 4
		3 16
		3 12
		3 0
		3 20
		3 22
		3 17
		3 14
		4 3
		4 5
		4 11
		4 15
		4 17
		4 18
		5 4
		5 6
		5 14
		5 16
		5 12
		5 2
		5 10
		6 5
		6 7
		6 11
		6 9
		6 1
		6 18
		7 6
		7 14
		7 19
		7 21
		8 7
		8 9
		9 10
		9 12
		10 9
		10 19
		11 10
		12 11
		12 13
		12 18
		12 1
		13 14
		14 15
		14 1
		14 10
		14 12
		15 16
		15 0
		15 9
		16 17
		18 12
		18 19
		18 20
		18 21
		18 22
		19 10
		19 18
86
	added
	removed
		0 1
	edges
		0 1
		0 5
		0 6
		0 8
		0 11
		0 15
		0 9
		0 14
		0 10
		1 0
		1 2
		1 12
		1 10
		1 9
		1 15
		1 14
		2 1
		2 3
		2 11
		2 8
		2 14
		3 2
		3 4
		3 12
		3 7
		3 14
		3 15
		3 9
		4 6
		4 15
		4 14
		4 9
		5 0
		5 4
		5 13
		5 14
		5 6
		5 15
		5 9
		6 4
		6 7
		6 9
		6 13
		6 15
		6 11
		6 10
		6 14
		7 15
		8 14
		11 6
		11 10
		12 11
		12 6
		13 15
87
	added
	removed
		0 1
	edges
		0 8
		0 9
		0 11
		0 10
		1 0
		1 2
		1 3
		1 7
		1 9
		1 5
		1 8
		1 10
		1 11
		2 6
		2 9
		2 8
		2 10
		3 1
		3 4
		3 8
		3 9
		3 11
		3 10
		3 7
		4 3
		4 5
		4 7
		4 11
		4 8
		4 9
		4 10
		5 11
		5 8
		5 10
		5 1
		5 6
		5 9
		6 11
88
	added
	removed
		0 1
	edges
		0 12
		0 11
		0 5
		0 10
		0 9
		1 0
		1 2
		1 12
		1 8
		1 4
		1 11
		1 10
		1 6
		1 9
		2 1
		2 7
		2 10
		2 11
		2 9
		2 12
		2 5
		2 8
		3 2
		3 4
		3 11
		3 10
		3 9
		3 12
		3 8
		4 3
		4 5
		4 11
		4 1
		4 10
		4 12
		4 8
		4 9
		5 4
		5 6
		5 11
		6 5
		6 9
		7 11
89
	added
	removed
		0 1
	edges
		0 1
		0 5
		0 14
		0 22
		0 8
		0 10
		0 19
		0 12
		1 0
		1 2
		1 20
		1 7
		1 22
		1 19
		1 17
		2 1
		2 3
		2 6
		2 14
		2 10
		2 16
		3 2
		3 4
		3 13
		3 11
		3 15
		3 17
		3 18
		4 3
		4 5
		4 6
		4 18
		4 14
		4 10
		5 0
		5 4
		5 13
		5 15
		5 19
		5 9
		5 11
		6 4
		6 7
		7 6
		7 8
		7 10
		8 7
		8 9
		8 20
		9 10
		10 19
		10 20
		11 6
		11 10
		11 14
		12 13
		12 19
		13 14
		14 15
		14 20
		14 21
		14 17
		14 19
		14 7
		15 16
		15 8
		15 18
		16 17
		17 12
		17 18
		17 10
		17 21
		17 14
		20 21
		20 22
90
	added
	removed
		0 1
	edges
		0 1
		0 9
		0 21
		0 23
		0 22
		1 0
		1 2
		1 22
		1 8
		1 24
		1 20
		1 23
		1 6
		1 4
		2 1
		2 3
		2 7
		2 19
		2 24
		2 21
		2 22
		3 2
		3 22
		3 20
		4 3
		4 5
		4 19
		4 7
		4 21
		5 4
		5 6
		5 20
		5 2
		6 23
		7 2
		7 6
		7 8
		8 7
		8 9
		8 13
		8 15
		8 5
		8 3
		9 0
		9 8
		9 10
		9 20
		10 11
		10 19
		11 10
		11 12
		11 4
		11 18
		11 16
		11 6
		11 8
		12 11
		12 16
		12 18
		12 5
		12 7
		12 23
		13 12
		13 14
		13 4
		13 6
		13 22
		14 5
		15 6
		19 4
		19 20
		19 24
		19 23
		20 19
		20 23
		21 20
91
	added
	removed
		0 1
	edges
		0 1
		0 5
		0 8
		0 10
		0 17
		0 12
		0 3
		1 0
		1 2
		1 9
		1 17
		1 7
		1 18
		1 16
		1 4
		2 1
		2 3
		2 18
		2 6
		2 10
		2 17
		2 16
		2 12
		2 8
		3 4
		3 9
		3 18
		3 14
		3 0
		3 16
		4 3
		4 5
		4 6
		4 18
		4 12
		4 8
		4 16
		5 0
		5 4
		5 2
		5 13
		6 4
		7 6
		7 16
		8 9
		8 11
		8 7
		9 3
		10 11
		10 17
		10 14
		11 12
		12 13
		12 14
		12 16
		12 7
		12 9
		13 8
		14 16
92
	added
	removed
		0 1
	edges
		0 1
		0 5
		0 14
		0 8
		0 16
		0 22
		0 21
		1 0
		1 2
		1 7
		1 15
		1 21
		1 20
		1 22
		1 19
		1 18
		2 1
		2 3
		2 6
		2 14
		2 19
		2 18
		3 2
		3 4
		3 13
		3 11
		3 15
		3 17
		3 22
		3 9
		3 19
		3 10
		4 3
		4 6
		4 10
		4 12
		4 16
		4 22
		4 19
		4 14
		5 0
		5 4
		5 13
		5 9
		5 15
		6 4
		6 7
		6 11
		6 9
		7 6
		7 8
		8 7
		8 9
		9 8
		9 10
		9 19
		11 10
		11 19
		12 11
		12 13
		12 19
		13 14
		14 15
		15 16
		15 22
		16 17
		16 20
		16 21
		16 9
		17 12
		17 18
		20 22
93
	added
	removed
		0 1
	edges
		0 13
		0 14
		0 16
		1 0
		1 12
		1 15
		1 8
		1 13
		1 17
		1 18
		1 11
		2 1
		2 11
		2 14
		2 9
		2 18
		2 16
		2 13
		2 17
		3 2
		3 4
		3 12
		3 18
		3 8
		3 11
		3 13
		4 3
		4 5
		4 11
		4 13
		4 10
		5 4
		5 6
		5 10
		5 15
		5 8
		5 2
		6 5
		6 7
		6 14
		6 16
		7 6
		7 8
		7 12
		7 18
		7 17
		8 7
		8 9
		8 11
		8 16
		8 17
		8 18
		9 8
		12 11
		12 14
		12 9
		14 18
		15 16
		16 17
		16 18
94
	added
	removed
		0 1
	edges
		0 9
		0 15
		0 11
		0 13
		0 10
		0 5
		0 12
		1 2
		1 15
		1 9
		1 11
		1 12
		1 18
		1 13
		2 3
		2 7
		2 15
		2 18
		2 17
		2 10
		2 13
		2 12
		2 11
		3 2
		3 4
		3 13
		3 18
		3 17
		3 15
		3 12
		4 3
		4 5
		4 16
		4 17
		4 18
		5 4
		5 6
		5 13
		5 18
		5 15
		6 5
		6 7
		6 16
		6 15
		6 9
		7 2
		7 6
		7 8
		7 17
		7 11
		8 9
		8 10
		8 12
		10 11
		10 12
		16 17
		16 18
95
	added
	removed
		0 1
	edges
		0 1
		0 9
		0 23
		0 22
		1 0
		1 2
		1 22
		1 8
		1 24
		1 23
		1 18
		1 10
		2 1
		2 3
		2 7
		2 24
		2 11
		2 18
		2 22
		2 16
		3 2
		3 4
		3 22
		3 10
		3 12
		3 23
		3 24
		3 16
		3 6
		4 3
		4 5
		4 7
		4 23
		4 9
		4 13
		4 19
		4 21
		4 24
		4 11
		4 15
		4 14
		5 4
		5 6
		5 19
		5 21
		5 0
		5 8
		5 12
		5 18
		5 10
		6 5
		6 7
		6 15
		6 1
		6 18
		6 11
		7 2
		7 6
		7 8
		7 12
		7 10
		8 7
		8 9
		8 13
		9 0
		9 8
		9 10
		10 9
		10 11
		12 11
		12 13
		12 16
		12 18
		13 12
		13 14
		13 6
96
	added
	removed
		0 1
	edges
		1 2
		1 6
		1 9
		1 11
		1 17
		2 1
		2 3
		2 7
		2 10
		2 8
		2 17
		2 5
		3 2
		3 4
		3 6
		3 11
		3 9
		4 3
		4 5
		4 14
		5 4
		5 6
		5 10
		6 5
		7 2
		7 6
		8 6
		8 9
		9 10
		10 5
		10 11
		11 10
		11 12
		11 14
		11 17
		11 1
		11 5
		12 11
		12 13
		12 17
		12 16
		12 9
		12 2
		12 6
		12 15
		13 12
		13 15
		13 16
		13 8
		13 10
		13 14
		13 7
		14 6
		14 9
97
	added
	removed
		0 1
	edges
		0 9
		0 5
		0 11
		0 10
		1 0
		1 8
		1 4
		1 11
		1 12
		1 6
		1 9
		2 1
		2 7
		2 10
		2 11
		2 12
		2 5
		2 9
		2 3
		3 2
		3 4
		3 11
		3 12
		3 9
		3 0
		4 3
		4 11
		4 12
		4 1
		4 9
		4 10
		5 6
		5 2
		5 9
		5 12
		6 7
		6 10
		6 11
		7 2
		7 11
		7 12
		8 9
		10 11
		10 12
98
	added
	removed
		0 1
	edges
		0 1
		0 9
		0 5
		0 11
		0 3
		0 13
		0 12
		0 4
		0 14
		1 0
		1 2
		1 8
		1 4
		1 10
		1 6
		1 13
		1 12
		1 3
		1 14
		2 3
		2 7
		2 5
		2 8
		2 11
		2 1
		2 12
		3 4
		4 3
		4 11
		5 4
		5 6
		6 5
		6 11
		6 14
		6 13
		6 12
		6 8
		7 6
		7 8
		7 4
		7 0
		7 9
		8 9
		8 10
		8 3
		9 0
		9 12
		9 4
		9 8
		10 8
		10 11
		10 4
		11 12
		11 13
99
	added
	removed
		0 1
	edges
		0 1
		0 5
		0 11
		0 14
		0 13
		0 4
		1 0
		1 2
		1 12
		1 13
		1 14
		2 1
		2 3
		2 7
		2 14
		2 6
		2 5
		2 11
		2 4
		2 13
		3 2
		3 4
		3 0
		3 14
		5 0
		5 4
		6 4
		7 2
		7 12
		7 4
		8 7
		8 6
		8 3
		8 11
		8 5
		8 4
		9 12
		9 4
		9 0
		10 11
		10 7
		10 3
		10 5
		11 10
		11 13
		11 4
		11 14
		11 2
		11 0
		12 11
100
	added
	removed
		0 1
	edges
		0 1
		0 13
		0 14
		1 0
		1 2
		1 12
		1 19
		1 15
		2 1
		2 3
		2 11
		2 14
		3 2
		3 4
		3 22
		3 12
		3 21
		4 3
		4 5
		4 20
		4 11
		4 21
		4 22
		4 13
		4 7
		5 4
		5 10
		5 0
		5 12
		5 15
		6 5
		6 7
		6 20
		6 22
		6 11
		7 6
		7 8
		7 10
		7 22
		7 2
		7 21
		7 0
		7 12
		8 7
		8 9
		8 14
		9 8
		9 10
		9 15
		9 2
		9 12
		10 11
		10 1
		11 2
		11 12
		12 13
		12 14
		12 9
		13 0
		13 12
		13 8
		14 15
		15 9
		15 14
		15 16
		15 11
		16 12
		18 19
		18 14
		19 14
		20 21
101
	added
	removed
		0 1
	edges
		0 1
		0 5
		0 25
		0 22
		0 17
		0 24
		0 21
		0 23
		0 19
		0 18
		0 16
		1 0
		1 2
		1 23
		1 10
		1 25
		1 20
		1 22
		1 24
		1 21
		2 1
		2 3
		2 9
		2 22
		2 24
		2 19
		3 2
		3 4
		3 20
		3 19
		3 21
		3 22
		3 0
		4 3
		4 5
		4 9
		4 17
		4 21
		4 22
		4 19
		5 0
		5 6
		5 20
		5 18
		5 10
		5 19
		5 21
		5 16
		6 5
		6 7
		6 8
		6 21
		8 6
		8 9
		8 13
		8 11
		9 4
		9 8
		9 10
		9 19
		10 9
		10 11
		10 17
		11 10
		11 12
		11 16
		11 15
		11 14
		11 19
		12 11
		12 14
		12 15
		12 16
		13 12
		17 19
		20 22
102
	added
	removed
		0 1
	edges
		0 1
		0 13
		0 14
		0 9
		0 11
		1 0
		1 2
		1 12
		1 8
		1 15
		1 10
		1 6
		1 14
		2 1
		2 11
		2 9
		2 7
		2 5
		2 18
		3 2
		3 4
		3 12
		3 0
		3 10
		3 15
		4 3
		4 5
		4 11
		4 13
		4 9
		5 4
		5 6
		5 18
		5 15
		5 12
		5 8
		6 5
		6 14
		6 17
		6 16
		6 9
		7 6
		7 16
		7 12
		7 17
		7 18
		8 7
		8 11
		8 14
		9 8
		9 10
		9 16
		10 5
		10 11
		11 12
		12 13
		12 14
		12 9
		13 10
		15 9
103
	added
	removed
		0 1
	edges
		0 1
		0 13
		1 0
		1 2
		1 12
		1 10
		2 1
		2 3
		2 11
		2 14
		2 9
		3 2
		3 4
		3 12
		3 18
		3 0
		3 10
		4 3
		4 5
		4 11
		4 18
		4 13
		4 19
		5 4
		5 6
		5 10
		5 17
		5 20
		5 19
		5 18
		5 0
		5 22
		6 5
		6 7
		6 16
		6 22
		7 6
		7 8
		7 15
		7 22
		7 21
		7 20
		7 17
		8 7
		8 20
		8 21
		8 22
		8 9
		8 16
		8 14
		9 8
		9 10
		9 15
		9 18
		10 5
		10 9
		10 20
		10 22
		10 1
		11 10
		12 13
		12 14
		12 19
		13 0
		14 12
		14 15
		14 19
		14 10
		15 14
		15 16
		15 20
		16 17
		17 18
		17 14
104
	added
	removed
		0 1
	edges
		0 1
		0 13
		0 12
		0 9
		1 0
		1 2
		1 12
		1 13
		1 16
		1 8
		1 10
		1 11
		1 15
		2 1
		2 3
		2 11
		2 16
		2 13
		2 5
		2 15
		2 9
		2 14
		3 2
		3 4
		3 10
		3 16
		3 15
		3 6
		3 13
		3 8
		3 14
		3 11
		4 5
		4 14
		4 15
		4 16
		4 13
		4 9
		5 6
		5 16
		5 13
		5 2
		6 7
		6 14
		6 15
		6 16
		7 6
		7 8
		7 15
		7 16
		8 7
		8 9
		9 10
		10 5
		10 11
		10 16
		10 13
105
	added
	removed
		0 1
	edges
		0 13
		0 16
		1 0
		1 12
		1 15
		1 13
		1 16
		2 1
		2 3
		2 11
		2 14
		2 16
		2 13
		3 2
		3 4
		3 12
		3 15
		3 13
		3 10
		3 16
		4 3
		4 5
		4 11
		4 13
		4 17
		5 4
		5 6
		5 10
		5 16
		5 17
		5 15
		5 12
		5 13
		6 5
		6 7
		6 16
		6 19
		6 14
		7 6
		7 8
		7 15
		7 19
		7 18
		7 16
		7 17
		7 10
		7 12
		8 9
		8 17
		8 18
		8 19
		8 14
		8 5
		8 16
		8 11
		8 13
		9 10
		10 11
		10 17
		11 12
		12 13
		12 14
		14 15
		15 16
106
	added
	removed
		0 1
	edges
		0 1
		0 5
		0 14
		0 19
		0 24
		0 21
		1 0
		1 2
		1 15
		1 19
		1 24
		2 1
		2 3
		2 16
		2 10
		2 18
		2 6
		2 21
		3 2
		3 4
		3 12
		3 18
		3 15
		3 10
		3 11
		4 3
		4 5
		4 6
		4 16
		4 14
		4 21
		4 19
		5 0
		5 4
		6 4
		6 7
		6 11
		6 15
		6 24
		6 21
		7 6
		7 8
		7 24
		7 14
		7 16
		7 18
		7 22
		8 7
		8 9
		8 22
		8 13
		8 18
		8 23
		8 15
		8 24
		9 8
		9 12
		9 23
		9 24
		9 6
		10 9
		10 15
		11 6
		11 10
		12 3
		12 11
		12 13
		13 12
		13 14
		14 13
		14 15
		14 19
		14 21
		15 10
		15 14
		16 15
107
	added
	removed
		0 1
	edges
		0 1
		1 0
		1 2
		2 1
		2 3
		2 17
		3 2
		3 4
		3 12
		3 17
		3 14
		3 13
		4 3
		4 5
		4 6
		4 16
		4 18
		4 0
		4 15
		5 0
		6 4
		6 7
		6 11
		6 15
		6 18
		6 1
		6 17
		6 9
		7 8
		7 14
		7 18
		7 16
		7 2
		7 10
		7 17
		7 12
		7 5
		7 13
		7 15
		8 9
		8 13
		8 18
		8 15
		8 17
		8 11
		8 3
		8 4
		9 10
		9 12
		9 16
		9 17
		9 6
		9 2
		10 11
		11 6
		11 12
		11 14
		11 16
		12 13
		12 15
		12 18
		14 18
		16 17
		16 18
108
	added
	removed
		0 1
	edges
		0 1
		0 13
		0 26
		0 21
		0 15
		1 0
		1 2
		1 12
		1 26
		1 16
		2 3
		2 11
		2 15
		2 22
		2 21
		3 2
		3 4
		3 27
		3 14
		3 26
		3 16
		3 18
		3 0
		4 3
		4 5
		4 25
		4 11
		4 26
		4 27
		4 13
		4 22
		4 17
		5 4
		5 6
		5 10
		5 0
		5 24
		5 16
		5 12
		6 5
		6 7
		6 25
		6 27
		6 21
		7 6
		7 8
		7 10
		7 27
		7 26
		7 16
		8 7
		8 9
		8 15
		8 11
		9 8
		9 10
		9 18
		9 16
		9 24
		10 5
		10 9
		10 11
		10 1
		10 17
		11 2
		11 10
		11 12
		12 11
		12 13
		12 17
		13 0
		13 12
		14 13
		14 17
		15 16
		16 17
		16 21
		16 22
		17 18
		18 9
		18 19
		18 21
		19 16
		21 16
		21 22
		21 24
		25 26
109
	added
	removed
		0 1
	edges
		0 1
		0 5
		0 14
		0 23
		0 6
		0 22
		0 17
		0 15
		0 12
		1 0
		1 9
		1 23
		1 8
		1 22
		1 17
		1 15
		1 11
		1 20
		2 1
		2 3
		2 21
		2 6
		2 22
		2 20
		2 15
		2 18
		2 23
		2 12
		3 2
		3 4
		3 9
		3 22
		3 18
		3 20
		3 15
		3 13
		3 0
		3 7
		4 3
		4 5
		4 6
		4 21
		4 12
		4 20
		4 18
		5 0
		5 4
		5 23
		5 13
		6 4
		6 7
		6 8
		6 22
		7 6
		8 6
		9 3
		9 10
		9 14
		9 12
		10 20
		11 12
		12 18
		12 20
		13 12
		13 14
		14 9
		14 15
		14 17
		21 22
		21 23
110
	added
	removed
		0 1
	edges
		0 1
		0 5
		0 8
		0 9
		0 7
		0 10
		0 6
		1 0
		1 2
		1 10
		1 6
		1 7
		1 4
		1 9
		1 8
		1 5
		2 1
		2 3
		2 8
		2 7
		2 9
		2 10
		2 6
		3 2
		3 4
		3 9
		3 7
		3 8
		3 10
		3 6
		4 3
		4 5
		4 7
		4 9
		4 6
111
	added
	removed
		0 1
	edges
		0 9
		0 7
		0 13
		0 5
		0 10
		1 0
		1 2
		1 8
		1 6
		1 12
		1 9
		1 13
		1 4
		1 10
		1 7
		1 14
		2 1
		2 3
		2 7
		2 14
		2 5
		2 6
		2 10
		2 13
		3 2
		3 4
		3 10
		3 14
		3 13
		4 5
		4 11
		4 14
		4 13
		4 8
		4 12
		4 6
		4 10
		5 4
		5 6
		5 14
		5 10
		5 7
		6 13
		7 6
		7 12
		8 7
		8 13
		11 10
		11 7
		11 13
		12 13
		12 14
112
	added
	removed
		0 1
	edges
		0 5
		0 8
		0 10
		0 9
		0 12
		0 6
		0 7
		0 11
		0 3
		1 0
		1 9
		1 6
		1 12
		1 11
		1 10
		1 8
		1 7
		1 4
		2 1
		2 12
		2 11
		2 7
		2 10
		2 8
		2 9
		2 6
		3 2
		3 4
		3 9
		3 6
		3 11
		3 8
		3 7
		3 10
		4 3
		4 12
		4 11
		4 9
		4 6
		4 8
		4 7
		4 10
		5 4
113
	added
	removed
		0 1
	edges
		0 1
		0 5
		0 15
		0 8
		0 10
		0 11
		0 12
		0 14
		1 0
		1 2
		1 7
		1 11
		1 9
		1 12
		1 14
		1 15
		2 1
		2 3
		2 6
		2 15
		2 10
		2 8
		2 11
		2 12
		2 14
		3 4
		3 15
		3 11
		3 9
		3 14
		3 12
		3 7
		4 5
		4 6
		4 10
		4 15
		4 14
		4 12
		4 8
		5 0
		5 15
		5 9
		6 12
		6 9
		8 9
		8 12
		8 14
		9 12
		9 14
		10 9
114
	added
	removed
		0 1
	edges
		0 11
		0 7
		0 9
		0 10
		0 6
		0 3
		1 11
		1 10
		1 9
		2 11
		2 7
		2 9
		2 10
		3 2
		3 4
		3 9
		3 6
		3 10
		3 11
		4 5
		4 11
		4 10
		4 9
		5 6
		5 2
		5 9
		5 10
		5 11
		6 5
		6 7
		6 8
		6 3
		6 9
		6 10
		6 11
		7 6
		7 9
		7 10
		7 11
		8 6
		8 9
		8 10
115
	added
	removed
		0 1
	edges
		0 1
		0 5
		0 8
		0 9
		0 3
		0 7
		0 6
		1 0
		1 2
		1 6
		1 4
		1 9
		1 7
		1 8
		2 1
		2 3
		2 9
		2 7
		2 8
		2 6
		3 2
		3 6
		3 9
		3 7
		3 8
		4 6
		4 8
		5 0
		5 8
		5 6
116
	added
	removed
		0 1
	edges
		0 1
		0 5
		0 15
		0 17
		0 7
		0 6
		1 0
		1 2
		1 14
		1 8
		1 7
		1 4
		1 10
		1 12
		2 1
		2 3
		2 9
		2 6
		2 11
		2 5
		2 7
		2 20
		2 17
		3 4
		3 8
		4 6
		5 0
		5 4
		5 17
		6 4
		6 7
		6 8
		6 0
		8 5
		9 10
		9 4
		9 20
		10 11
		10 5
		11 12
		11 20
		11 17
		11 4
		12 11
		12 13
		12 18
		12 6
		12 5
		12 15
		13 20
		13 16
		14 15
		14 3
		14 11
		15 16
		15 17
		15 4
		18 19
		18 20
117
	added
	removed
		0 1
	edges
		0 1
		0 9
		0 3
		0 22
		0 21
		0 13
		0 15
		1 0
		1 2
		1 22
		1 8
		1 20
		1 21
		1 10
		1 19
		1 12
		1 6
		1 15
		2 1
		2 3
		2 7
		2 19
		2 11
		2 21
		2 16
		3 4
		3 22
		3 10
		3 20
		3 21
		3 18
		3 19
		4 3
		4 5
		4 19
		4 7
		4 9
		4 21
		4 18
		5 4
		5 6
		5 20
		5 21
		6 5
		6 7
		6 15
		6 21
		7 2
		7 6
		7 8
		7 12
		7 4
		7 20
		7 16
		7 18
		8 7
		8 13
		8 11
		8 15
		8 5
		9 0
		9 8
		9 10
		9 4
		10 9
		11 10
		11 12
		12 16
		12 18
		13 12
		13 14
		13 6
		20 21
118
	added
	removed
		0 1
	edges
		0 1
		0 5
		0 20
		0 8
		0 12
		0 17
		0 13
		0 15
		0 14
		1 0
		1 2
		1 7
		1 20
		1 14
		1 11
		1 13
		1 9
		2 1
		2 3
		2 6
		2 20
		2 12
		2 8
		2 10
		3 2
		3 4
		3 18
		3 11
		3 19
		3 20
		3 13
		3 9
		4 3
		4 5
		4 6
		4 19
		4 10
		4 20
		4 15
		5 0
		5 4
		5 9
		5 11
		5 17
		5 15
		6 7
		6 11
		7 8
		8 9
		9 15
		9 17
		10 9
		11 10
		11 12
		11 8
		12 13
119
	added
	removed
		0 1
	edges
		0 1
		0 7
		0 9
		0 8
		1 0
		1 9
		1 6
		1 8
		1 11
		2 1
		2 3
		2 7
		2 8
		2 10
		2 9
		2 12
		2 11
		2 5
		3 4
		3 6
		3 8
		3 10
		3 12
		3 11
		3 0
		3 9
		3 2
		4 5
		4 12
		4 7
		4 11
		4 1
		4 9
		4 10
		4 8
		5 6
		5 10
		5 11
		5 2
		5 9
		5 12
		5 0
		6 11
		7 8
		7 9
120
	added
	removed
		0 1
	edges
		0 1
		0 5
		0 18
		0 17
		1 0
		1 2
		1 21
		1 18
		2 1
		2 21
		3 2
		3 4
		3 12
		3 19
		3 21
		3 0
		4 3
		4 5
		4 6
		4 14
		4 21
		4 17
		5 0
		5 4
		5 16
		5 17
		5 18
		6 4
		6 7
		6 11
		6 15
		6 24
		6 21
		7 6
		7 8
		7 24
		7 19
		7 21
		7 14
		7 22
		7 23
		7 12
		7 2
		8 7
		8 9
		8 22
		8 13
		8 23
		8 21
		8 24
		8 11
		8 3
		8 16
		9 10
		9 12
		9 23
		9 24
		9 14
		9 6
		9 19
		9 21
		10 11
		10 15
		10 13
		10 21
		12 3
		12 13
		13 19
		14 13
		14 16
		14 21
		15 14
		15 19
		16 14
		16 17
		16 18
		19 21
121
	added
	removed
		0 1
	edges
		0 1
		0 5
		0 10
		0 18
		0 20
		0 19
		0 8
		1 0
		1 2
		1 7
		1 11
		1 20
		1 10
		1 19
		2 1
		2 3
		2 6
		2 10
		2 18
		2 19
		2 20
		3 2
		3 4
		3 9
		3 19
		3 10
		3 7
		4 3
		4 5
		4 6
		4 8
		4 20
		5 0
		5 4
		5 9
		5 19
		6 4
		6 7
		6 11
		6 20
		7 6
		7 8
		7 10
		7 12
		7 20
		7 19
		8 7
		8 9
		8 13
		8 11
		8 20
		8 10
		9 8
		9 10
		11 10
		11 12
		11 18
		11 19
		12 11
		12 13
		12 19
		13 8
		13 10
		13 18
		16 9
		18 20
122
	added
	removed
		0 1
	edges
		0 7
		0 9
		0 16
		0 13
		0 3
		0 15
		0 14
		1 0
		1 2
		1 6
		1 12
		1 10
		1 16
		1 13
		1 4
		1 15
		2 1
		2 3
		2 13
		2 15
		2 16
		3 2
		3 4
		4 3
		4 5
		5 4
		5 6
		6 1
		6 5
		6 7
		6 11
		6 3
		6 9
		7 6
		7 8
		7 2
		7 10
		8 9
		9 10
		9 4
		9 16
		9 15
		9 14
		9 6
		10 9
		10 14
		10 15
		10 16
		10 5
		10 13
		10 3
		11 10
		12 9
		12 13
		12 5
123
	added
	removed
		0 1
	edges
		0 1
		0 5
		0 3
		0 9
		0 7
		0 6
		0 10
		0 4
		0 8
		1 0
		1 2
		1 7
		1 10
		1 9
		1 4
		1 6
		1 8
		2 1
		2 3
		2 8
		2 9
		2 7
		2 5
		2 10
		2 6
		2 4
		3 2
		3 4
		3 7
		3 9
		3 8
		3 10
		3 6
		5 0
		5 7
		5 10
		5 9
		5 6
124
	added
	removed
		0 1
	edges
		0 1
		0 13
		0 14
		0 9
		0 11
		1 0
		1 2
		1 12
		1 8
		1 15
		1 10
		1 6
		1 14
		2 1
		2 11
		2 9
		2 7
		2 5
		2 18
		3 2
		3 4
		3 12
		3 0
		3 10
		3 15
		4 3
		4 5
		4 11
		4 13
		4 9
		5 4
		5 6
		5 18
		5 15
		5 12
		5 8
		6 5
		6 14
		6 17
		6 16
		6 9
		7 6
		7 16
		7 12
		7 17
		7 18
		8 7
		8 11
		8 14
		9 8
		9 10
		9 16
		10 5
		10 11
		11 12
		12 13
		12 14
		12 9
		13 10
		15 9
125
	added
	removed
		0 1
	edges
		0 1
		0 5
		0 10
		0 6
		0 18
		0 19
		0 17
		1 0
		1 2
		1 9
		1 8
		1 11
		1 19
		1 18
		1 15
		1 13
		2 1
		2 3
		2 16
		2 6
		2 12
		2 19
		2 17
		2 18
		3 2
		3 4
		3 9
		3 18
		3 13
		4 3
		4 5
		4 6
		4 16
		4 18
		4 17
		5 0
		5 4
		5 9
		5 15
		5 19
		5 18
		6 4
		6 7
		6 8
		6 13
		6 19
		6 18
		7 6
		7 18
		8 6
		9 3
		9 10
		9 18
		9 17
		10 9
		10 19
		11 18
		12 13
		13 18
		15 17
		16 13
		17 19
126
	added
	removed
		0 1
	edges
		0 1
		0 5
		0 13
		0 16
		0 19
		0 20
		0 17
		1 0
		1 2
		1 14
		1 8
		1 12
		1 4
		1 20
		1 16
		1 19
		2 3
		2 9
		2 6
		2 5
		2 11
		2 13
		2 16
		2 18
		2 19
		3 4
		3 8
		4 6
		4 17
		4 16
		4 19
		5 4
		5 15
		6 4
		6 7
		6 8
		6 0
		7 16
		8 5
		8 16
		9 14
		9 4
		9 12
		11 12
		11 20
		12 13
		12 18
		12 19
		13 12
		13 15
		13 17
		13 4
		14 13
		14 3
		14 16
		15 13
		15 16
		15 17
		18 20
127
	added
	removed
		0 1
	edges
		0 1
		0 9
		0 13
		0 11
		0 8
		1 8
		1 13
		1 4
		1 10
		1 12
		1 11
		2 1
		2 3
		2 14
		2 9
		2 5
		2 12
		2 11
		2 8
		3 2
		3 4
		3 8
		3 13
		3 6
		3 12
		3 11
		3 9
		4 3
		4 5
		4 13
		5 4
		5 6
		5 10
		5 12
		5 11
		5 13
		6 5
		6 7
		6 9
		6 12
		6 1
		6 13
		6 11
		6 8
		6 3
		7 10
		7 0
		7 4
		7 13
		7 11
		10 12
		14 4
128
	added
	removed
		0 1
	edges
		0 1
		0 5
		0 8
		0 10
		0 3
		0 11
		0 12
		1 0
		1 2
		1 9
		1 6
		1 11
		1 8
		1 12
		1 10
		1 7
		2 1
		2 3
		2 12
		2 11
		2 7
		2 5
		2 10
		2 8
		3 2
		3 4
		3 9
		3 12
		3 11
		3 6
		3 0
		3 10
		3 8
		4 5
		4 11
		4 10
		5 0
		5 9
		5 8
		5 10
		5 11
		5 12
		6 11
		9 11
129
	added
	removed
		0 1
	edges
		0 10
		0 5
		0 9
		1 8
		1 9
		1 10
		1 4
		2 3
		2 7
		2 10
		2 5
		2 9
		2 8
		3 4
		3 6
		3 8
		3 9
		3 10
		4 3
		4 5
		4 10
		4 9
		4 8
		5 4
		5 10
		5 9
		5 8
		6 5
		6 7
		6 9
		6 8
		6 10
		7 2
		7 8
		7 4
		7 9
		7 0
		7 10
130
	added
	removed
		0 1
	edges
		0 1
		0 5
		0 10
		0 18
		0 15
		0 8
		1 0
		1 2
		1 8
		1 18
		1 15
		2 1
		2 3
		2 12
		2 9
		2 10
		2 16
		2 8
		3 2
		3 4
		3 6
		3 13
		3 16
		3 8
		3 11
		4 3
		4 5
		4 9
		5 0
		5 4
		5 11
		5 8
		6 7
		6 14
		6 9
		6 12
		6 10
		6 8
		7 8
		7 15
		7 13
		9 8
		10 8
		10 11
		10 15
		11 10
		11 18
		12 11
		12 18
		12 15
		12 17
		12 8
		13 12
		13 16
		13 17
		14 13
131
	added
	removed
		0 1
	edges
		0 1
		0 5
		0 10
		0 9
		0 6
		0 7
		0 8
		1 0
		1 2
		1 7
		1 4
		1 9
		1 10
		1 6
		1 8
		1 5
		2 1
		2 3
		2 6
		2 10
		2 9
		2 8
		2 7
		3 2
		3 4
		3 8
		3 9
		3 0
		3 10
		3 6
		3 7
		4 3
		4 9
		4 10
		4 5
		4 6
132
	added
	removed
		0 1
	edges
		0 1
		0 5
		0 8
		0 7
		0 10
		0 19
		0 12
		0 15
		0 18
		0 17
		1 0
		1 2
		1 20
		1 4
		1 11
		1 9
		1 18
		1 13
		1 8
		1 19
		1 15
		1 16
		2 1
		2 3
		2 8
		2 5
		2 10
		2 19
		2 16
		2 12
		3 2
		3 4
		3 20
		3 6
		3 11
		3 17
		4 3
		4 5
		4 7
		4 10
		4 12
		5 0
		5 4
		5 6
		5 9
		5 13
		6 5
		7 4
		9 15
		9 12
		9 16
		10 17
		11 12
		11 19
		12 13
		12 19
		12 18
		12 17
		13 12
		13 16
		13 17
		13 18
		14 13
		20 12
133
	added
	removed
		0 1
	edges
		0 1
		0 9
		0 18
		0 13
		0 11
		1 0
		1 2
		1 8
		1 10
		1 21
		1 18
		1 17
		1 12
		1 6
		2 1
		2 3
		2 7
		2 21
		2 11
		2 17
		2 18
		2 15
		3 4
		3 21
		3 10
		3 20
		3 19
		3 14
		3 6
		3 18
		3 17
		3 12
		3 8
		4 3
		4 5
		4 19
		4 9
		4 20
		4 21
		4 13
		4 11
		4 17
		5 4
		5 6
		5 8
		5 12
		5 10
		6 5
		6 7
		6 15
		6 11
		6 17
		6 13
		7 2
		7 6
		7 8
		7 4
		7 18
		8 13
		8 3
		9 0
		9 8
		10 9
		10 11
		11 10
		11 16
		11 18
		12 11
		13 12
		16 17
134
	added
	removed
		0 1
	edges
		0 1
		0 5
		0 8
		0 10
		0 9
		0 3
		0 6
		0 7
		1 0
		1 2
		1 9
		1 6
		1 10
		1 4
		1 7
		1 8
		2 1
		2 3
		2 10
		2 7
		2 9
		2 6
		2 8
		3 4
		3 9
		3 10
		3 7
		3 6
		4 10
		4 9
		4 7
		4 6
		5 0
		5 10
		5 4
		5 9
		5 7
135
	added
	removed
		0 1
	edges
		0 13
		1 0
		1 2
		1 12
		1 14
		1 13
		1 11
		2 1
		2 11
		2 14
		2 13
		3 2
		3 4
		3 19
		3 12
		3 18
		3 0
		3 17
		3 13
		3 14
		3 11
		4 3
		4 5
		4 17
		4 11
		4 18
		4 19
		4 13
		4 14
		5 4
		5 6
		5 10
		5 0
		5 12
		5 2
		5 17
		5 11
		6 5
		6 7
		6 17
		6 19
		6 11
		6 18
		6 14
		6 13
		7 6
		7 8
		7 10
		7 19
		7 16
		7 18
		7 14
		7 2
		8 7
		8 9
		8 16
		8 15
		8 1
		9 10
		10 5
		10 11
		10 1
		12 14
136
	added
	removed
		0 1
	edges
		0 1
		0 5
		0 17
		0 18
		1 0
		1 2
		2 1
		2 3
		2 13
		3 2
		3 4
		3 12
		3 18
		3 21
		4 3
		4 5
		4 6
		4 16
		4 21
		5 0
		5 4
		5 17
		5 18
		6 4
		6 7
		6 11
		6 15
		6 19
		6 1
		6 20
		7 6
		7 8
		7 14
		7 18
		7 21
		7 12
		7 2
		7 20
		8 7
		8 9
		8 13
		8 18
		8 21
		8 11
		8 3
		8 19
		8 1
		9 10
		9 12
		9 14
		9 6
		9 18
		9 16
		9 2
		10 11
		10 15
		10 19
		11 6
		11 20
		12 11
		12 19
		13 14
		13 21
		14 19
		15 14
		15 16
		15 20
		16 18
		19 20
		19 21
137
	added
	removed
		0 1
	edges
		0 8
		0 5
		0 11
		0 9
		0 6
		0 12
		1 0
		1 2
		1 9
		1 6
		1 3
		1 10
		1 5
		1 11
		1 8
		1 7
		1 12
		2 3
		2 12
		2 7
		2 8
		2 6
		2 11
		2 9
		2 10
		3 8
		3 6
		4 12
		4 11
		4 6
		5 6
		5 10
		5 8
		5 11
		5 12
		7 6
		7 8
		8 7
		8 9
		8 6
		9 8
		9 6
		10 5
		10 11
		10 12
		10 9
		10 6
138
	added
	removed
		0 1
	edges
		0 1
		0 5
		0 8
		0 9
		0 7
		0 6
		0 10
		1 0
		1 2
		1 7
		1 4
		1 10
		1 8
		1 9
		1 6
		2 1
		2 3
		2 10
		2 9
		2 7
		2 5
		2 8
		2 6
		3 2
		3 4
		3 7
		3 10
		3 8
		3 9
		3 6
		4 10
		4 8
		5 0
		5 8
		5 7
		5 6
139
	added
	removed
		0 1
	edges
		0 1
		0 9
		0 12
		0 3
		0 7
		0 13
		0 14
		0 5
		0 11
		1 0
		1 2
		1 8
		1 12
		1 13
		1 6
		1 15
		1 11
		2 3
		2 7
		2 5
		2 10
		2 15
		2 12
		2 11
		2 13
		3 15
		3 12
		3 11
		3 13
		4 15
		5 6
		5 8
		5 15
		5 14
		5 13
		5 12
		6 5
		6 7
		6 13
		6 14
		6 15
		6 9
		7 2
		7 8
		8 7
		8 9
		8 10
		8 3
		8 12
		9 8
		9 11
		10 11
		10 13
140
	added
	removed
		0 1
	edges
		0 5
		0 3
		0 10
		0 7
		0 9
		0 6
		0 8
		0 4
		1 0
		1 2
		1 7
		1 10
		1 4
		1 6
		1 9
		1 8
		1 5
		2 1
		2 3
		2 8
		2 6
		2 9
		2 10
		2 7
		2 5
		2 4
		3 2
		3 7
		3 9
		3 8
		3 5
141
	added
	removed
		0 1
	edges
		0 16
		0 19
		0 9
		0 7
		0 18
		0 11
		0 15
		0 12
		1 2
		1 17
		1 19
		1 8
		1 16
		1 18
		2 3
		2 16
		2 7
		2 18
		3 4
		3 17
		3 6
		3 18
		3 15
		3 12
		3 13
		4 3
		4 13
		4 18
		4 19
		4 11
		4 16
		4 9
		4 12
		4 15
		5 0
		5 4
		5 6
		5 2
		5 17
		5 19
		5 16
		5 8
		5 10
		5 12
		5 18
		5 15
		6 5
		6 7
		6 1
		6 11
		6 3
		6 19
		6 9
		6 16
		6 18
		7 6
		7 8
		7 12
		8 7
		8 9
		9 8
		9 10
		9 15
		10 11
		11 12
		17 19
142
	added
	removed
		0 1
	edges
		0 7
		0 5
		0 9
		0 11
		0 6
		0 10
		0 8
		1 0
		1 2
		1 11
		1 6
		1 8
		1 4
		1 10
		1 7
		1 5
		2 1
		2 3
		2 9
		2 7
		2 10
		2 5
		2 11
		2 6
		2 8
		3 4
		3 8
		3 11
		3 6
		3 7
		3 10
		3 5
		4 7
		4 9
		4 6
		9 6
143
	added
	removed
		0 1
	edges
		0 1
		0 5
		0 8
		0 9
		0 7
		0 6
		0 10
		1 0
		1 2
		1 7
		1 4
		1 10
		1 8
		1 9
		1 6
		2 1
		2 3
		2 10
		2 9
		2 7
		2 5
		2 8
		2 6
		3 2
		3 4
		3 7
		3 10
		3 8
		3 9
		3 6
		4 10
		4 8
		5 0
		5 8
		5 7
		5 6
144
	added
	removed
		0 1
	edges
		0 1
		0 5
		0 11
		0 14
		0 13
		0 7
		1 0
		1 12
		1 14
		1 4
		1 10
		1 13
		1 6
		2 3
		2 7
		2 13
		2 14
		2 6
		3 2
		3 4
		3 6
		4 3
		4 6
		4 1
		5 4
		7 2
		7 8
		7 12
		7 4
		7 10
		7 14
		7 13
		7 0
		8 7
		8 9
		8 11
		8 5
		8 3
		8 1
		8 14
		8 13
		9 10
		9 4
		9 14
		9 13
		10 13
		10 14
		10 3
		11 10
		11 4
		12 14
145
	added
	removed
		0 1
	edges
		0 5
		0 11
		0 12
		1 0
		1 2
		1 10
		1 15
		1 12
		1 4
		1 6
		1 11
		2 1
		2 3
		2 15
		2 9
		2 12
		2 5
		2 11
		3 2
		3 15
		3 0
		3 6
		3 12
		3 11
		4 3
		4 5
		4 15
		5 4
		5 6
		6 5
		6 7
		6 11
		6 15
		7 6
		7 8
		7 10
		7 15
		7 4
		7 11
		7 12
		8 7
		8 9
		8 3
		8 15
		8 12
		8 5
		9 4
		9 10
		9 0
		10 11
		10 3
		14 10
146
	added
	removed
		0 1
	edges
		0 8
		0 5
		0 11
		0 9
		0 6
		0 12
		1 0
		1 2
		1 9
		1 6
		1 3
		1 10
		1 5
		1 11
		1 8
		1 7
		1 12
		2 3
		2 12
		2 7
		2 8
		2 6
		2 11
		2 9
		2 10
		3 8
		3 6
		4 12
		4 11
		4 6
		5 6
		5 10
		5 8
		5 11
		5 12
		7 6
		7 8
		8 7
		8 9
		8 6
		9 8
		9 6
		10 5
		10 11
		10 12
		10 9
		10 6
147
	added
	removed
		0 1
	edges
		0 9
		0 7
		0 13
		0 5
		0 10
		1 0
		1 2
		1 8
		1 6
		1 12
		1 9
		1 13
		1 4
		1 10
		1 7
		1 14
		2 1
		2 3
		2 7
		2 14
		2 5
		2 6
		2 10
		2 13
		3 2
		3 4
		3 10
		3 14
		3 13
		4 5
		4 11
		4 14
		4 13
		4 8
		4 12
		4 6
		4 10
		5 4
		5 6
		5 14
		5 10
		5 7
		6 13
		7 6
		7 12
		8 7
		8 13
		11 10
		11 7
		11 13
		12 13
		12 14
148
	added
	removed
		0 1
	edges
		0 1
		0 5
		0 8
		0 16
		0 10
		0 17
		0 3
		0 14
		0 9
		0 19
		0 7
		0 18
		1 0
		1 2
		1 9
		1 6
		1 15
		1 13
		1 19
		1 4
		1 7
		2 1
		2 3
		2 16
		2 14
		2 17
		2 12
		2 10
		3 2
		3 4
		3 9
		3 15
		3 13
		3 19
		3 18
		4 3
		4 5
		4 16
		4 14
		4 10
		4 7
		5 6
		5 15
		5 11
		5 19
		5 18
		6 7
		8 4
		10 9
		10 15
		12 19
		13 12
		13 17
		14 13
		14 11
		14 9
		15 14
		15 12
		16 15
		17 18
		17 19
149
	added
	removed
		0 1
	edges
		0 1
		0 8
		0 10
		0 11
		1 0
		1 5
		1 9
		1 10
		1 7
		1 11
		2 10
		2 8
		2 11
		2 7
		3 11
		3 8
		3 10
		4 5
		4 9
		4 10
		4 7
		4 11
		5 4
		5 6
		5 10
		5 11
		6 5
		6 7
		6 10
		6 11
		7 6
		7 8
		7 11
		7 10
		8 7
		8 11
		8 10
		9 4
		9 10
		9 11
		9 8
150
	added
	removed
		0 1
	edges
		0 1
		0 8
		0 4
		0 7
		0 11
		0 10
		0 2
		1 2
		1 10
		1 7
		1 5
		1 11
		1 4
		1 8
		1 6
		2 3
		2 6
		2 9
		2 8
		2 10
		2 11
		3 4
		3 7
		3 10
		3 2
		3 11
		4 3
		4 5
		4 6
		4 9
		4 11
		4 10
		4 2
		5 6
		5 8
		6 2
		6 11
		6 7
		6 10
		7 8
		7 9
		8 2
		9 10
		9 11
151
	added
	removed
		0 1
	edges
		0 1
		0 5
		0 18
		0 3
		1 0
		1 2
		1 18
		1 12
		2 1
		2 3
		2 16
		2 18
		2 12
		3 2
		3 4
		3 12
		3 13
		3 18
		3 21
		4 3
		4 5
		4 6
		4 14
		4 21
		5 0
		5 4
		5 16
		5 18
		6 4
		6 7
		6 11
		6 15
		6 21
		6 18
		6 16
		7 6
		7 8
		7 21
		7 18
		7 14
		7 19
		8 7
		8 9
		8 19
		8 13
		8 16
		8 17
		8 20
		8 18
		8 21
		8 12
		9 8
		9 10
		9 12
		9 17
		9 20
		9 18
		9 14
		9 6
		10 9
		10 11
		11 6
		13 12
		13 18
		14 13
		14 16
		15 18
		16 18
152
	added
	removed
		0 1
	edges
		0 1
		0 9
		0 13
		0 11
		0 8
		1 8
		1 13
		1 4
		1 10
		1 12
		1 11
		2 1
		2 3
		2 14
		2 9
		2 5
		2 12
		2 11
		2 8
		3 2
		3 4
		3 8
		3 13
		3 6
		3 12
		3 11
		3 9
		4 3
		4 5
		4 13
		5 4
		5 6
		5 10
		5 12
		5 11
		5 13
		6 5
		6 7
		6 9
		6 12
		6 1
		6 13
		6 11
		6 8
		6 3
		7 10
		7 0
		7 4
		7 13
		7 11
		10 12
		14 4
153
	added
	removed
		0 1
	edges
		0 11
		0 10
		0 7
		0 4
		1 11
		1 8
		1 9
		1 10
		2 3
		2 6
		2 11
		2 4
		2 10
		2 7
		2 5
		3 4
		3 10
		3 11
		3 6
		3 7
		4 9
		4 11
		4 5
		5 4
		5 7
		5 6
		5 11
		5 10
		6 2
		6 5
		6 11
		6 10
		6 9
		7 5
		7 8
		7 9
		7 11
		8 7
		9 7
154
	added
	removed
		0 1
	edges
		0 10
		0 12
		0 9
		1 0
		1 8
		1 10
		1 4
		1 13
		1 12
		2 1
		2 7
		2 10
		2 9
		2 5
		2 13
		2 12
		2 11
		2 8
		3 2
		3 4
		3 13
		3 10
		3 12
		3 11
		3 6
		3 8
		4 3
		4 5
		4 13
		4 12
		4 11
		5 11
		5 12
		5 13
		6 5
		6 13
		6 10
		7 6
		7 8
		7 11
		7 10
		7 4
		9 4
155
	added
	removed
		0 1
	edges
		0 11
		0 7
		0 9
		0 10
		0 6
		0 3
		1 11
		1 10
		1 9
		2 11
		2 7
		2 9
		2 10
		3 2
		3 4
		3 9
		3 6
		3 10
		3 11
		4 5
		4 11
		4 10
		4 9
		5 6
		5 2
		5 9
		5 10
		5 11
		6 5
		6 7
		6 8
		6 3
		6 9
		6 10
		6 11
		7 6
		7 9
		7 10
		7 11
		8 6
		8 9
		8 10
156
	added
	removed
		0 1
	edges
		0 1
		0 9
		0 18
		0 14
		0 17
		1 2
		1 17
		1 8
		1 19
		1 18
		1 14
		1 16
		2 1
		2 3
		2 7
		2 19
		2 11
		2 9
		2 17
		2 13
		2 16
		2 10
		3 2
		3 4
		3 17
		3 10
		3 12
		3 18
		3 8
		3 19
		3 16
		4 3
		4 5
		4 7
		4 18
		4 9
		4 13
		4 19
		4 17
		5 4
		5 6
		5 0
		5 15
		5 8
		5 14
		5 18
		5 17
		5 2
		6 5
		6 7
		6 15
		6 1
		6 14
		7 2
		7 6
		7 8
		7 12
		8 13
		8 14
		9 8
		11 12
		11 8
		12 13
		12 16
		12 9
		13 14
157
	added
	removed
		0 1
	edges
		0 1
		1 0
		1 2
		1 3
		2 1
		2 4
		3 1
		3 4
		4 3
		4 5
		4 9
		4 2
		5 4
		5 6
		6 5
		6 7
		7 6
		7 8
		7 12
		7 18
		7 17
		7 4
		8 7
		8 9
		8 10
		8 5
		9 4
		10 8
		10 11
		10 9
		11 10
		11 12
		11 16
		11 6
		11 1
		12 7
		12 11
		12 13
		12 15
		12 9
		12 5
		12 17
		12 18
		12 3
		13 12
		13 16
		13 17
		13 4
		13 10
		13 9
		14 13
		14 7
		14 18
		14 8
		15 14
		15 17
		15 18
		15 10
		15 8
		15 1
		16 15
		16 9
		16 7
		16 0
158
	added
	removed
		0 1
	edges
		0 1
		0 9
		0 5
		0 16
		0 3
		0 7
		1 0
		1 2
		1 8
		1 6
		1 15
		1 12
		1 16
		1 13
		2 1
		2 3
		2 7
		2 19
		2 15
		2 13
		2 18
		2 16
		2 14
		3 2
		3 4
		3 14
		3 6
		3 15
		3 18
		3 8
		3 12
		3 16
		3 13
		4 3
		4 5
		4 15
		4 13
		4 19
		4 7
		4 18
		5 4
		5 6
		5 19
		5 8
		5 12
		6 5
		6 7
		6 15
		7 2
		7 6
		7 8
		7 19
		7 12
		8 13
		8 16
		9 8
		9 10
		9 4
		9 2
		9 6
		10 3
		12 16
		12 18
159
	added
	removed
		0 1
	edges
		0 1
		0 13
		0 3
		0 10
		0 12
		0 7
		0 11
		0 9
		0 8
		1 2
		1 11
		1 13
		1 4
		1 6
		1 12
		1 9
		1 8
		1 7
		1 10
		2 3
		2 9
		2 8
		2 12
		2 7
		3 10
		3 6
		3 8
		4 3
		4 5
		4 9
		4 8
		4 10
		4 13
		4 12
		4 7
		4 11
		5 0
		5 6
		5 13
		5 12
		5 7
		5 9
		5 8
		5 2
		6 7
		6 8
160
	added
	removed
		0 1
	edges
		0 1
		0 5
		0 14
		0 22
		0 8
		0 25
		0 24
		0 21
		0 12
		0 6
		0 10
		0 19
		1 0
		1 2
		1 20
		1 7
		1 24
		1 22
		1 25
		1 21
		1 17
		1 15
		1 18
		2 1
		2 3
		2 6
		2 14
		2 18
		2 12
		2 19
		3 2
		3 4
		3 13
		3 11
		3 9
		3 23
		4 3
		4 6
		4 23
		5 0
		5 4
		5 13
		5 11
		6 4
		6 7
		6 11
		6 19
		7 6
		7 8
		8 7
		8 9
		8 25
		8 24
		9 8
		9 10
		9 23
		9 24
		9 25
		9 19
		10 9
		10 19
		10 25
		11 6
		11 10
		12 11
		12 13
		12 17
		12 18
		12 19
		13 3
		13 12
		13 14
		13 10
		14 20
		14 11
		14 17
		15 12
		17 12
		17 18
		20 21
		20 22
161
	added
	removed
		0 1
	edges
		0 1
		0 5
		0 19
		0 23
		0 22
		0 20
		0 18
		0 15
		1 0
		1 2
		1 18
		1 23
		1 20
		1 22
		1 19
		1 15
		2 1
		2 3
		2 21
		2 20
		2 22
		2 23
		2 18
		3 2
		3 4
		3 18
		3 23
		3 20
		4 3
		4 5
		4 21
		4 20
		4 22
		4 18
		5 0
		5 4
		5 6
		5 22
		5 18
		5 20
		5 15
		5 19
		5 23
		6 5
		6 7
		6 20
		6 15
		6 22
		7 6
		7 8
		7 22
		7 20
		8 7
		8 9
		8 17
		8 16
		8 15
		9 8
		9 10
		9 15
		9 16
		9 17
		9 14
		10 9
		10 14
		11 6
		11 10
		11 15
		21 23
162
	added
	removed
		0 1
	edges
		0 1
		0 9
		0 18
		0 13
		0 11
		1 0
		1 2
		1 8
		1 10
		1 21
		1 18
		1 17
		1 12
		1 6
		2 1
		2 3
		2 7
		2 21
		2 11
		2 17
		2 18
		2 15
		3 4
		3 21
		3 10
		3 20
		3 19
		3 14
		3 6
		3 18
		3 17
		3 12
		3 8
		4 3
		4 5
		4 19
		4 9
		4 20
		4 21
		4 13
		4 11
		4 17
		5 4
		5 6
		5 8
		5 12
		5 10
		6 5
		6 7
		6 15
		6 11
		6 17
		6 13
		7 2
		7 6
		7 8
		7 4
		7 18
		8 13
		8 3
		9 0
		9 8
		10 9
		10 11
		11 10
		11 16
		11 18
		12 11
		13 12
		16 17
163
	added
	removed
		0 1
	edges
		0 1
		0 13
		0 14
		0 9
		1 2
		1 12
		1 15
		1 8
		2 1
		2 3
		2 11
		2 14
		2 9
		2 16
		3 2
		3 4
		3 21
		3 12
		3 20
		3 15
		3 8
		4 3
		4 5
		4 19
		4 11
		4 20
		4 21
		4 13
		4 14
		4 9
		5 4
		5 6
		5 10
		5 0
		5 12
		5 18
		5 15
		5 13
		5 8
		6 5
		6 19
		6 21
		6 14
		6 20
		7 6
		7 8
		7 10
		7 21
		7 16
		7 18
		7 20
		7 12
		7 15
		8 7
		8 9
		8 16
		8 18
		9 8
		10 5
		10 9
		10 11
		10 18
		10 1
		11 12
		12 14
		14 15
		15 9
164
	added
	removed
		0 1
	edges
		0 9
		0 5
		0 13
		0 15
		0 17
		0 3
		0 7
		1 0
		1 2
		1 8
		1 6
		1 17
		1 15
		1 12
		1 4
		2 1
		2 3
		2 7
		2 16
		2 5
		2 13
		2 9
		2 17
		2 15
		3 2
		3 4
		3 16
		3 12
		4 3
		4 5
		5 4
		5 6
		5 14
		5 10
		5 17
		5 3
		6 5
		6 7
		6 15
		6 13
		7 6
		7 16
		8 7
		8 3
		9 12
		10 8
		10 11
		10 15
		10 4
		11 6
		11 12
		11 14
		11 18
		12 11
		12 13
		12 18
		12 15
		12 17
		12 16
		13 12
		13 16
		13 17
		14 13
165
	added
	removed
		0 1
	edges
		0 14
		0 16
		0 13
		1 0
		1 2
		1 19
		1 13
		1 15
		1 7
		1 9
		1 22
		1 21
		3 1
		3 4
		3 18
		3 14
		3 2
		3 13
		3 19
		3 22
		3 16
		3 6
		4 5
		4 17
		4 22
		4 19
		4 15
		5 4
		5 6
		5 16
		5 22
		5 21
		5 14
		5 13
		6 5
		6 7
		6 20
		6 21
		6 13
		7 6
		7 8
		7 16
		7 22
		8 7
		8 9
		8 20
		9 8
		9 10
		9 21
		10 9
		10 11
		10 15
		11 10
		11 12
		12 11
		12 13
		14 13
		14 15
		15 10
		15 16
		16 7
		16 15
		16 17
		16 9
		17 4
		17 16
		17 18
		17 10
		18 19
		18 13
		20 21
		20 22
166
	added
	removed
		0 1
	edges
		0 1
		0 9
		0 20
		0 15
		0 19
		0 10
		1 0
		1 2
		1 19
		1 8
		1 21
		1 20
		1 18
		1 6
		1 15
		2 1
		2 3
		2 7
		2 21
		2 11
		2 18
		2 16
		2 19
		2 10
		2 5
		3 2
		3 4
		3 19
		3 10
		3 12
		3 20
		3 16
		3 18
		3 21
		4 3
		4 5
		4 7
		4 20
		4 9
		4 18
		4 21
		5 4
		5 6
		5 0
		6 5
		6 7
		6 15
		6 20
		7 2
		7 6
		7 8
		7 12
		8 9
		8 15
		8 14
		8 13
		9 0
		9 10
		9 12
		11 12
		12 13
		12 16
		12 18
		12 5
		12 7
		12 14
		13 8
		13 14
		13 6
167
	added
	removed
		0 1
	edges
		0 1
		0 7
		0 8
		0 6
		0 10
		0 9
		1 0
		1 2
		1 6
		1 8
		1 7
		1 10
		1 9
		1 5
		2 1
		2 3
		2 7
		2 5
		2 8
		2 10
		2 9
		2 6
		3 2
		3 4
		3 6
		3 8
		3 7
		3 10
		3 9
		3 5
		4 3
		4 5
		4 10
		4 7
		4 6
168
	added
	removed
		0 1
	edges
		0 5
		0 8
		0 10
		0 9
		0 12
		0 6
		0 7
		0 11
		0 3
		1 0
		1 9
		1 6
		1 12
		1 11
		1 10
		1 8
		1 7
		1 4
		2 1
		2 12
		2 11
		2 7
		2 10
		2 8
		2 9
		2 6
		3 2
		3 4
		3 9
		3 6
		3 11
		3 8
		3 7
		3 10
		4 3
		4 12
		4 11
		4 9
		4 6
		4 8
		4 7
		4 10
		5 4
169
	added
	removed
		0 1
	edges
		0 1
		0 5
		0 12
		0 15
		0 16
		0 3
		0 14
		1 0
		1 2
		1 7
		1 15
		1 11
		1 16
		2 1
		2 3
		2 6
		2 12
		2 14
		2 16
		3 2
		3 13
		3 16
		4 3
		4 6
		4 14
		4 12
		5 0
		5 4
		5 13
		5 11
		5 16
		6 7
		6 13
		7 6
		7 8
		7 12
		7 15
		7 16
		8 7
		8 9
		8 4
		8 11
		8 2
		8 13
		8 16
		8 10
		8 15
		9 8
		9 10
		9 3
		9 15
		9 12
		11 14
		11 15
		12 11
		13 12
		14 16
170
	added
	removed
		0 1
	edges
		0 1
		0 5
		0 18
		0 10
		0 14
		0 19
		0 23
		0 22
		0 20
		1 0
		1 2
		1 9
		1 17
		1 23
		1 11
		1 22
		1 20
		1 15
		2 1
		2 12
		2 11
		2 23
		2 19
		3 2
		3 4
		3 9
		3 15
		3 20
		3 22
		4 3
		4 5
		4 12
		4 18
		4 22
		4 20
		5 0
		5 4
		5 6
		5 13
		5 19
		5 9
		6 5
		6 7
		6 8
		6 3
		6 11
		7 6
		7 9
		8 6
		9 3
		9 10
		9 11
		9 14
		10 9
		12 2
		12 13
		12 17
		12 15
		12 19
		13 12
		13 14
		14 13
		14 15
		14 23
		14 22
		15 22
		17 23
		18 19
		18 20
171
	added
	removed
		0 1
	edges
		0 9
		0 10
		0 6
		0 5
		1 2
		1 11
		1 7
		1 4
		1 5
		1 10
		1 3
		1 6
		2 1
		2 3
		2 9
		2 6
		2 10
		2 4
		2 5
		2 8
		3 4
		3 10
		3 5
		4 5
		4 6
		6 5
		7 6
		7 4
		7 5
		8 7
		8 10
		8 5
		9 10
172
	added
	removed
		0 1
	edges
		0 1
		0 5
		0 11
		0 20
		0 12
		0 9
		0 3
		0 15
		1 0
		1 2
		1 20
		1 10
		1 8
		1 18
		1 12
		1 15
		2 1
		2 3
		2 18
		2 19
		2 20
		2 7
		3 2
		3 4
		3 19
		3 20
		3 15
		4 3
		4 5
		4 9
		5 0
		5 4
		5 6
		5 13
		5 10
		5 8
		5 12
		5 14
		6 5
		6 7
		6 11
		6 12
		6 3
		6 14
		7 8
		7 14
		7 10
		7 19
		8 7
		8 9
		8 12
		8 5
		8 17
		9 8
		9 10
		9 15
		9 17
		10 9
		10 3
		11 2
		13 9
173
	added
	removed
		0 1
	edges
		0 1
		0 9
		0 20
		0 19
		1 0
		1 2
		1 19
		1 8
		1 21
		1 20
		1 18
		1 16
		2 1
		2 3
		2 7
		2 21
		2 10
		2 19
		2 14
		2 16
		3 2
		3 4
		3 19
		3 21
		3 15
		3 20
		3 18
		4 3
		4 5
		4 7
		4 20
		4 14
		4 18
		4 16
		5 4
		5 6
		5 8
		5 18
		5 12
		5 15
		5 16
		6 5
		6 7
		6 11
		6 10
		6 18
		6 9
		7 2
		7 6
		7 8
		7 0
		8 7
		8 10
		8 14
		9 0
		9 13
		10 11
		10 15
		10 13
		11 10
		11 12
		11 18
		12 13
		12 16
		13 16
		14 18
		15 14
		15 16
174
	added
	removed
		0 1
	edges
		0 1
		0 5
		0 8
		0 7
		0 10
		0 19
		0 20
		0 12
		0 18
		1 0
		1 2
		1 21
		1 4
		1 20
		1 11
		1 19
		1 8
		1 18
		2 1
		2 3
		2 8
		2 10
		2 20
		2 16
		3 2
		3 4
		3 21
		3 6
		3 20
		3 16
		3 17
		4 3
		4 5
		4 7
		4 10
		4 19
		5 0
		5 4
		5 6
		5 9
		5 2
		5 13
		5 17
		6 5
		6 16
		7 11
		7 17
		9 8
		9 10
		9 12
		10 9
		10 11
		10 20
		10 16
		11 10
		11 12
		11 20
		11 19
		11 18
		12 18
		12 16
		13 12
		13 16
		13 19
		17 19
		21 10
175
	added
	removed
		0 1
	edges
		0 11
		0 7
		0 9
		0 10
		0 6
		0 3
		1 11
		1 10
		1 9
		2 11
		2 7
		2 9
		2 10
		3 2
		3 4
		3 9
		3 6
		3 10
		3 11
		4 5
		4 11
		4 10
		4 9
		5 6
		5 2
		5 9
		5 10
		5 11
		6 5
		6 7
		6 8
		6 3
		6 9
		6 10
		6 11
		7 6
		7 9
		7 10
		7 11
		8 6
		8 9
		8 10
176
	added
	removed
		0 1
	edges
		0 1
		0 5
		0 10
		0 6
		0 17
		0 18
		0 19
		0 3
		1 0
		1 2
		1 9
		1 8
		1 16
		1 19
		1 18
		1 11
		1 10
		2 1
		2 3
		2 12
		2 6
		2 17
		2 19
		2 15
		2 13
		3 2
		3 4
		3 9
		3 19
		3 11
		3 16
		3 18
		4 3
		4 5
		4 6
		4 12
		4 13
		4 18
		5 0
		5 4
		5 9
		5 11
		5 19
		5 16
		6 4
		6 7
		6 8
		8 6
		11 13
		11 15
		11 17
		12 11
		13 16
		13 19
		15 16
		16 17
		16 18
		17 19
177
	added
	removed
		0 1
	edges
		0 1
		0 6
		0 12
		0 11
		0 8
		1 0
		1 2
		1 5
		1 7
		1 11
		1 12
		1 8
		1 3
		1 10
		1 6
		2 3
		2 10
		2 8
		2 11
		2 6
		2 12
		3 4
		3 9
		3 12
		3 7
		3 11
		3 8
		3 10
		4 6
		4 10
		4 11
		5 1
		5 4
		5 11
		5 6
		5 12
		5 8
		6 7
		6 12
		7 6
		9 5
		9 12
		9 6
		9 11
178
	added
	removed
		0 1
	edges
		0 1
		0 5
		0 21
		0 16
		0 18
		0 17
		0 12
		1 0
		1 2
		1 21
		1 20
		1 18
		1 19
		2 1
		2 3
		2 19
		2 20
		2 21
		3 2
		3 4
		3 21
		3 0
		3 11
		4 3
		4 5
		4 17
		5 0
		5 4
		5 6
		5 13
		5 18
		5 17
		5 8
		5 9
		6 5
		6 7
		6 14
		6 16
		6 12
		6 18
		6 9
		6 10
		7 6
		7 8
		7 15
		7 11
		7 17
		7 9
		8 9
		8 10
		8 17
		10 17
		11 10
		11 18
		11 17
		12 11
		12 18
		13 12
		13 10
		14 13
		14 11
		14 8
		15 10
		15 9
		16 17
179
	added
	removed
		0 1
	edges
		0 1
		0 13
		0 26
		0 21
		0 15
		0 17
		1 0
		1 2
		1 12
		1 26
		1 16
		1 21
		2 3
		2 11
		2 15
		3 2
		3 4
		3 27
		3 14
		3 26
		3 12
		4 3
		4 5
		4 25
		4 11
		4 26
		4 27
		4 13
		5 4
		5 6
		5 10
		5 0
		5 16
		5 12
		5 21
		6 5
		6 7
		6 25
		6 27
		6 21
		6 11
		6 26
		7 6
		7 8
		7 10
		7 27
		7 26
		7 16
		8 7
		8 15
		8 9
		9 8
		9 10
		9 18
		9 24
		9 14
		9 22
		10 5
		10 9
		10 11
		10 1
		10 17
		10 15
		11 2
		11 10
		11 12
		12 17
		13 0
		13 12
		13 14
		14 13
		14 15
		15 14
		15 16
		15 0
		16 15
		16 17
		16 21
		17 16
		17 18
		18 9
		18 17
		18 19
		18 22
		19 20
		19 24
180
	added
	removed
		0 1
	edges
		0 1
		0 5
		0 8
		0 9
		0 7
		0 6
		0 10
		1 0
		1 2
		1 7
		1 4
		1 10
		1 8
		1 9
		1 6
		2 1
		2 3
		2 10
		2 9
		2 7
		2 5
		2 8
		2 6
		3 2
		3 4
		3 7
		3 10
		3 8
		3 9
		3 6
		4 10
		4 8
		5 0
		5 8
		5 7
		5 6
181
	added
	removed
		0 1
	edges
		0 9
		0 12
		0 11
		0 13
		1 2
		1 10
		1 4
		1 6
		1 8
		1 11
		1 13
		2 1
		2 3
		2 5
		2 12
		2 7
		2 11
		3 2
		3 10
		3 12
		3 8
		3 6
		4 3
		4 5
		4 9
		4 7
		4 12
		5 6
		5 10
		6 5
		6 7
		6 13
		6 3
		7 6
		7 8
		7 13
		7 12
		7 11
		7 2
		8 7
		8 11
		8 12
		8 13
		8 1
		9 8
		10 7
182
	added
	removed
		0 1
	edges
		0 1
		0 9
		0 15
		0 13
		0 18
		1 0
		1 2
		1 8
		1 14
		1 15
		1 11
		1 18
		2 1
		2 3
		2 7
		2 21
		2 13
		2 11
		2 5
		2 9
		2 16
		2 15
		2 10
		3 2
		3 4
		3 14
		3 21
		3 10
		3 8
		3 15
		3 0
		4 3
		4 5
		4 15
		4 21
		4 20
		4 9
		5 4
		5 6
		5 19
		5 20
		5 21
		5 0
		5 15
		6 5
		6 7
		6 15
		6 20
		6 18
		7 2
		7 6
		7 8
		7 19
		7 12
		7 16
		7 18
		7 11
		8 7
		8 13
		9 8
		12 11
		12 16
		12 18
		13 12
		13 14
		13 0
		14 15
		14 18
		19 20
		19 21
183
	added
	removed
		0 1
	edges
		0 1
		0 9
		0 20
		0 19
		0 14
		0 16
		0 13
		1 0
		1 2
		1 19
		1 8
		1 21
		1 20
		1 15
		1 16
		2 1
		2 3
		2 7
		2 21
		2 10
		2 18
		2 19
		3 2
		3 4
		3 19
		3 21
		3 15
		3 20
		3 18
		3 0
		3 16
		3 11
		4 3
		4 5
		4 7
		4 20
		4 9
		4 14
		4 18
		4 16
		4 12
		5 4
		5 6
		5 8
		5 15
		5 13
		6 5
		6 7
		6 11
		6 13
		6 12
		7 2
		7 6
		7 8
		8 7
		8 10
		8 16
		9 8
		9 15
		10 11
		11 10
		11 12
		11 13
		14 15
		14 11
		15 10
		15 16
		15 18
184
	added
	removed
		0 1
	edges
		0 5
		0 8
		0 12
		0 11
		0 9
		0 3
		0 10
		0 1
		1 0
		1 7
		1 12
		1 9
		1 11
		1 4
		1 10
		1 8
		2 1
		2 10
		2 9
		2 11
		2 12
		2 8
		2 5
		2 3
		3 2
		3 4
		3 7
		3 12
		3 9
		3 11
		3 10
		3 8
		4 9
		4 12
		4 11
		4 10
		5 4
		5 11
		5 7
		5 12
		5 9
		7 9
185
	added
	removed
		0 1
	edges
		0 11
		0 7
		0 9
		0 10
		0 6
		0 3
		1 11
		1 10
		1 9
		2 11
		2 7
		2 9
		2 10
		3 2
		3 4
		3 9
		3 6
		3 10
		3 11
		4 5
		4 11
		4 10
		4 9
		5 6
		5 2
		5 9
		5 10
		5 11
		6 5
		6 7
		6 8
		6 3
		6 9
		6 10
		6 11
		7 6
		7 9
		7 10
		7 11
		8 6
		8 9
		8 10
186
	added
	removed
		0 1
	edges
		0 1
		0 5
		0 14
		0 16
		0 8
		0 20
		0 19
		0 13
		1 0
		1 2
		1 7
		1 15
		1 19
		1 20
		1 14
		2 1
		2 3
		2 6
		2 14
		2 20
		2 16
		2 13
		2 19
		3 2
		3 4
		3 13
		3 11
		3 15
		3 19
		3 18
		3 20
		4 3
		4 5
		4 6
		4 20
		4 10
		4 19
		5 0
		5 4
		5 13
		5 18
		5 15
		5 9
		5 20
		6 4
		6 7
		6 11
		6 19
		6 18
		7 6
		7 8
		8 7
		8 9
		9 8
		9 10
		10 9
		10 11
		11 6
		11 10
		11 12
		11 16
		11 20
		15 20
		16 18
		16 19
		18 20
187
	added
	removed
		0 1
	edges
		0 1
		0 12
		1 0
		1 2
		1 11
		1 15
		1 12
		2 1
		2 3
		2 10
		2 15
		2 14
		2 12
		2 13
		2 5
		2 9
		2 11
		2 7
		2 8
		3 2
		3 4
		3 11
		3 6
		3 9
		3 14
		3 8
		3 13
		3 15
		3 12
		4 5
		4 10
		4 8
		4 14
		4 12
		4 13
		5 6
		5 10
		5 14
		5 12
		6 5
		6 7
		6 9
		6 11
		6 13
		6 15
		6 14
		7 8
		7 15
		8 13
		8 14
		8 15
		11 12
		11 8
